1163091660848259072
1398956248226140163
1433483267060088832
140836138
1227995460163399680
1430449488137580549
1341747816
1052776535952744448
112710513
1232290178682650630
996442671588589568
60816421
138665986
1115598308670500866
1217616556747657216
1065494634
292155977
228221374
106612184
1335772029711130630
1357236656286257153
14727333
1349584888735756294
81098137
885384684573556736
1418821675076968449
1212913537309241344
194836176
2686784912
274943133
1275954369549107200
1412856378335457280
4826559741
637011919
49568390
169065960
819689138924318723
364373144
1254641347883003904
1405958565873864704
1351877387978301443
1620393632
22601843
874665655819055105
218327361
393356153
1342479318832705536
345357307
2860397376
281264919
193348586
275898106
1092435517050892290
2957325517
1397935025501315084
55221389
21374763
80569221
760419405511598081
339062307
1392597365832392708
2967426297
1339641823476686848
1394533872847654916
115399647
61515506
859632616206733312
142638802
445855222
26704391
1550817781
71272883
39441890
1207592373909258240
991689190843695104
1386539638773350401
4404685873
1375733682133159937
83607531
1374876300003868675
1333311710271193088
78209304
14862869
775332334572679168
1312394209316409344
381702233
1131187148659593217
1221842655203586048
177264840
1359319567659503616
14268286
191009007
2209402670
2339514799
107130220
1973268984
49274015
773152587746979840
20673146
554091585
1377598094485897217
1227939204400705536
389990822
1077625353307181056
44678883
1274137195847102464
568923580
496534627
484803973
837609192974249984
28224293
45804334
82548670
1370639705830649858
744701371
287652181
329635479
63203315
323799850
1018332941192028161
1373586883
72060604
1351590102498086914
376807245
352610401
302528909
956053999039467520
2197261134
701412529034035201
211703969
82317503
1342856900367421441
1256820873127841792
440466486
24185144
355422316
878054549440741380
87220267
2228269952
2302527480
310165673
1131013320826208256
56006381
845823502225596416
173176453
122869718
1102815370224623616
1089312405513859072
145992032
183955874
45135047
153752111
889984996273831936
1261975917078827008
150097706
1131230906662785024
1096522641777643521
2356393393
1375800241857826822
1314907571900149760
704512033903915008
2378523854
233916012
1151825745255124992
717338170581323776
1285211159310725120
39034320
48648226
1290292429183098881
711189599087767557
852048500619485186
135175827
1243086597026791425
1363585026265206786
227600216
31027439
1319298793934733314
2407040748
552704660
94728416
769878210297212930
183176800
1357154168205496327
1345584974389362688
1224202268347551745
84059106
904442760
1290174831846014976
1351896462511153156
1078259028
1245776537997066240
41590090
1349793647860989952
1298112818617565186
20974496
1349343479478976512
126253754
47795416
187449186
304973327
168487882
60095431
429156459
20826449
279098577
300923958
1299917927936737280
3322638996
1027168694307151873
2426775631
1065352357
789689922030489600
2919176449
2867165953
843168517935566848
3514479379
262690691
58354739
188779227
1250765045367214082
1237728058347417600
54344373
374897577
1152854090314944513
900096875570884612
286673537
303246176
1296400065087430658
756855985877114880
88229002
1262399461814231043
1892331284
389935538
1217189808
841232107565387777
2446811354
178964337
58415835
15227923
385228129
1310460897605767168
937899366945251329
2969956155
532029443
98137693
1101223072445751299
216421076
442235894
268378913
762566877730131968
1105531513
831367070
1139460612000403457
2872973694
21659841
1031938499170131968
633348936
797501991572209664
155870344
41781156
1000337586
1278211679021498368
2837657204
1230260922599403520
1310546825707880449
850747085963968513
1309758006440030209
1194627887875293185
1307880927566032898
925249613505880064
1306248567795806208
79502581
1453153543
1301423510498111490
14461338
3299288352
94226438
1301424515361071106
124986120
1138560459349479424
1300734649467985921
87387160
68892396
762805529773158400
215900341
777327325
1297165674012270592
47236092
346453759
1788021
383124598
158752036
1137722461510705153
1095047575
21188789
1257255014
14458923
938716608
1557144744
968162233
973024983461986304
849268400480108544
1247050835088904192
277083308
1535997499
1974549468
323422393
794748514286735360
1240569654487085056
1283039998367981575
870003805
930267859313311744
14636641
56984786
1256334037666295810
14931711
386908497
63393913
13826782
573895042
16114447
1126042967733485568
508857293
1289547154709573634
1257486179710033920
1217595908277145600
1274210276682784768
43126295
2711316151
195816737
1173767121962225664
1165251779342344193
1287954855730925569
1130772341372227584
3195741
41562703
17630336
1273871358712090624
1270359372351205377
2547668071
1260356486284275712
1216018599736827905
3550260553
152669156
80611221
904526103586324480
1203513441496883200
1260146033289572352
776825150872260608
3796472713
52043758
105538043
605163674
173052032
1266207456524304384
2174770693
1535410832
386880536
81766516
1245367916318486531
1201835101518041088
1256781419465961473
364285704
101996925
190730679
917015492467896320
1206691630180261888
460806489
856124948
151406202
1242328681395023872
40509191
1220154516131041280
1141802208897327104
870243626407804930
1193076814240894976
28036216
91034228
705483047374712832
50146335
1153881526209171457
1265857814938828800
15287463
898332631774904322
3256406401
390736526
139185095
1064068951464800256
2436289190
55509900
3145661240
51398428
210833725
797862198093590528
163439253
458183794
2854216632
77731672
1094155547559874562
983271757627846656
1240246244926078976
1149938810160967680
57218953
1264543609526775808
37930991
943239099694989312
1876637796
137611783
2200847696
721711299940384768
942261368
3287498449
85979824
1262557145658060801
69313998
2583642698
2419134102
1142442298073944064
20574258
744019742072119296
1108292481655832577
248215644
4819241
1203952413515759616
942498943862128640
1242406203415617537
22947592
1005834001947418625
289636187
750904023956480004
110394338
2323868664
133761697
44589140
1047116211115479040
2919985646
324935299
83078351
1212718912745308160
936284126067400704
210756878
1975357302
920335003
1234661166695108610
1087685865080381440
1088243618874220544
1152843229
517272648
2246405858
2741678184
2579643475
3637296493
42587331
268854068
30621176
548354474
1106004516099416064
880005068518338561
129030388
162014723
71003519
720947050221686784
298897990
721271851402461184
23590067
796937148
1248268582414249986
734049490554867712
1248226466015272960
84049477
75384757
58374800
1246999660792872965
1403985006
720511016
1235536982081601536
1239594451737034755
1213456012516057089
332051526
19865480
320425521
153301486
167003905
978296778977026049
1238247994241069056
3228122406
96704329
3679907778
224152381
622455697
21816065
303457594
408804480
131814566
2886151988
155507180
1211213034221264898
64187979
583636467
1137029684913270785
1221429993441415168
1333790082
37630702
1025967925084094467
1212392295787401218
19923514
93570203
393984432
599286408
157966181
777914682296377344
870899021488898051
205308034
941469521193312256
963591939370045440
50498794
120511033
338857091
1916697762
44559754
2403043316
231384523
839586726
20661760
1212998857446977536
1210763408456306691
138570329
153731458
279521062
2495115330
65591386
4807725499
1020379080
71495504
2383816608
201771631
558590020
844177735433895938
160106000
253642061
350100348
19060250
1201314730779873280
1360588112
453749568
189733599
2334479725
1595398598
20923677
1048770964337479682
3067817496
367263608
1078351732797714433
1193859716058759168
1190557532021903361
205796659
1170524101959544832
3600261
202886459
1014064219417800704
14446637
232403459
1174726248758558720
2325191958
197272392
51342919
713299147
198264291
804636109053399041
1110701761
38113086
27408234
145389650
202603597
1187021189962584065
41093506
1164118562463596544
1181258994611965954
2394111132
1181201486232965123
895994914953060352
254499585
775363
1092476670961954819
803868654811000833
1114852930857738240
1172742556293062656
2781823525
22171774
278781375
1177901031008567298
243325759
1161590729413496834
899536727697530882
2658229219
23776812
9561032
35203319
807414168944918528
1172103272250793988
21356234
1077829478846353408
925678031666065408
173890870
1031439746231349248
984456956936155136
1044378600932282368
904577030708117504
1170942828987346944
30496519
368221734
2490872456
980994135363534849
2337514609
38676781
1165298488013291520
1164099093158756353
1155548261630894080
1161661661247238149
1158749860423585792
1132476606037938177
440702449
340018357
228380960
2502985116
4717809110
18134348
319688215
47351465
138121101
37511514
1033665990905671685
108052197
362339350
760208978051817472
55536151
1146604928963493888
1149360926354575360
1661534509
332231244
20891185
1052185843194970112
705261780855971840
274831176
50887661
1136608777111789570
1145144007950868487
362680424
131682103
1097402666215399424
44391070
1042438781192658944
87903175
3247209648
1141999174121975808
842045206757167104
65661925
169765826
52022895
4268128520
3096470412
536997832
899988643066114049
328856282
86945875
2823880922
1136824396390076416
252969964
3141199916
913266549640675328
2191543292
313817605
741984589
1098578424715608064
1356618578
1101129133885517829
228203483
770119085027975168
623036451
811919948838621185
305307571
1115648870015365120
489031532
805425310267097088
1123025443425120256
20212755
609313
1099754070368088065
4856247592
1672436544
107196995
21894985
19517305
91378422
15996100
461061535
76235272
231135169
418134823
337699357
1123163956644761602
1118995155757879297
18044110
991872498072412160
249561469
1346301
21763422
1075283433415368704
21639016
784658990676357120
1099077110239420416
772786642654334976
76724526
269320054
1105602371915177986
229815909
1093918395446321152
2409959450
110159765
944918201493626880
1697539286
349535961
860575339
529047102
749277180576669696
1672494534
1108538247221641217
390603556
3004297950
36105443
27122057
1084199115695652864
143355733
735038454262730752
1010809949654417408
1107906048642301953
142699215
1106881210058309633
1405303021
1009075482816466944
29200801
356646955
325364299
310015060
1063154135963332608
1331102641
2958789679
3316933454
963463962783203329
152495634
204197987
17824107
3392792654
53909824
2883793500
2219818657
139607012
489366341
1958290921
3140429131
2787056688
2269115096
41629256
74620118
46330682
2994543781
218995301
977956534381457410
105835248
964085733685276672
398057558
40780034
1106570115301011456
420383540
112210488
315243824
2903448289
210865966
450222157
26509381
971667123868114944
3292851936
183329079
445839570
27216728
241895987
17265926
24703157
804572768331104256
892520233
222065437
38154082
1952107530
1929643542
15701637
2953220306
40416992
1014467847882330112
955251858729197568
76886861
63995312
312386081
1106552166653657090
289340995
71266040
916642229887713280
635335732
947126702550933504
211151896
742713537911357441
14137565
15349777
149856368
715629272
42443
192580822
83630069
554277130
2670839665
178743486
41024378
16007638
19191523
63590068
1102844280266088448
164144144
787207022533980160
2880111270
1102948027025645568
930943329218412544
484626050
146197220
1079559110100570112
470251630
4647991656
939170870563553280
4463382934
907799688
1393732860
1092388767174930432
170760651
161498039
55497616
325227001
38060883
974028272
3237453895
79068566
485629749
918588626103033856
34616616
452827763
729684503589855232
2489509665
912582017291665409
2604812966
1084487990200590336
2551356728
193749164
371185852
252453023
807953636823158784
792578523214942208
1670326704
815113027171192832
740102784
916428395243642880
4436304499
1013736322945703937
1074819832988655616
877750085559255040
1065627015707975680
235147543
624329542
49572789
4928157711
775584665432272899
1056017768510717953
787566608415723520
834955776
296010543
75210750
198157693
14093555
967447732422983680
45396534
715348465006477312
2822240983
837123678
94239317
1064670580593455104
26050844
2863174153
1021031561561497601
857637254923116544
721716150346719233
232493230
270943848
438721620
303257946
2999532212
1380708098
152520113
1010101893865955328
194120019
69797851
888551039078514688
82842602
3115599642
1058276921463590912
114984112
782573196096577536
3648086773
255340337
962699794635370496
1055154064051331072
16883523
456573954
20426420
925375815839227904
391827056
1047168846103076864
215852549
971092294177669121
295086127
166504505
108622504
1050260062336237568
764104745418039297
42625177
900295902
217507227
183599259
99674720
1042834550701744130
14193672
314952180
34598579
920629272342970368
1042348894707830784
424446739
1021676628697669632
87242377
29557246
23122070
145121422
2990550134
607230109
143713364
62842713
130827185
2926786136
303004156
166463569
4593907357
3075350599
546632310
1455577496
2562739524
73233958
707191861706764288
201629684
3180581162
74160076
755805374
2785170355
181197291
114726885
363067339
16217868
2534794687
100902940
796922294492925952
2467277966
968812373875175424
2588915550
259449683
30399099
1031186660078186498
38755305
3515962397
331130521
2681408112
1008800654444425229
350158012
51012150
860189268727152640
141308304
1598104596
66099555
85023763
74668325
854532232681213952
250965956
2207925804
707838698205745152
1003479065133662208
928320641354301440
426862396
4201574726
998543597245992960
179029001
21755084
841659315899400192
442967374
71788837
104700587
233883575
81729050
496553602
229033177
106616824
2511481094
44279844
98861188
958619481542033413
266947857
900753853959753729
2437782277
1278232814
2220688086
38869223
818312780293881856
131845008
238480641
3233226468
795515517909942272
974059318738759680
34860677
608729614
98785400
80207861
1246317314
433922515
962707230230421505
787994275829002245
4038467833
4686031465
4480243759
701935923416555520
2789955806
957876777103183872
147480954
935057934412791808
19978734
2330914922
999444720555253761
5715462
41321937
875227584300068864
994485304026324992
2859709524
329797495
759342159942209536
27011046
388060075
986884701955670016
2283454260
3276074809
606367508
995692090104266757
20585824
112395744
1105715179
33930908
2277870738
91750067
3820748125
1186374528
983741015184982023
336123281
68950117
741029339601375232
967372785629609992
67258187
44253591
219223879
33818907
739859958745858049
19166762
915047592139952128
981014589587386368
17082351
1093478167
182676280
273732115
2965343400
492443247
206113510
123732888
458805681
741720549689307137
4707389124
314935252
14907196
1706765161
20404760
768295976419270656
128778976
58327361
4229617363
40899527
29009018
262460687
51662424
925200671963430912
903832844409044992
624973
15314459
34191554
185641802
196914230
2892324272
14963750
970797201814257665
970274855189757952
607191307
964669734355521537
966722949087547393
363763811
2323084946
957176872575549440
171767917
928505892160417792
15183368
901951603871162368
1644110203
794339268
1100594526
744182545
930876184241496064
750304587257516032
152331980
248209951
2757728197
15205352
950231348240834560
953534136458739713
902784732718555136
25866196
150036385
68168084
54164839
951730195458740224
173901561
849208634
456173695
2220592777
377020573
751279402038677508
560158714
52403805
240213364
949501384096825344
836595759218774016
363116877
1886750749
128282930
126276828
56604402
4709213293
1844741785
27203983
15045146
78479946
847773199
113000891
1348879400
29758273
1068351883
734271283
100642762
634993186
97491051
915492574412005377
75892075
33369884
173488106
38862341
48366273
82298857
127095343
58744679
91804303
14071092
938014121127059456
35277587
4788838130
912638891202461696
1622195311
913808675654950912
28496670
927825239983058945
24066001
96258343
936467334499201025
2723537096
1187900095
23553420
471907586
931240615743954944
367714182
932543976606875648
586407920
14314101
920133843981447168
2397653851
2903746813
3609022579
3109383553
2290865406
69515368
26822415
3004831026
927422331332411392
929386704527429632
93561325
215674017
3295663278
3062849796
899271797182300163
557578301
183504008
71715341
610261784
621338409
2799238874
13340382
332551572
27512954
1642925132
918148707618398208
2225226332
919013640467972097
23569668
76784355
720557089354027008
749858185419190272
818365968539787266
425824155
913738761183174656
42836310
338293193
425712230
383269573
332650726
390999896
588573307
33894639
16027734
826269993444585477
871716494714875906
136941402
39258812
619890958
915219969138237440
94208411
43342952
348946468
727363135426977792
360324110
131207801
85696478
1232397817
912271859189612545
66947472
14048011
207347480
861156267623981058
910484200029147142
619250183
21621749
331425227
55162853
144500086
64695932
708005047884361729
907871090319511552
907642919296786432
695729465553526784
386423435
96801326
65906099
291659263
857246066353229826
257733117
904765007052894209
833858174469885952
2826306222
518749078
305472899
2596383680
4172741479
426788418
53852898
724871033828872193
2557032266
836377027133374464
899485313873072128
4864598184
3224462875
456725684
17443251
49362882
900988168656240641
77394785
102844279
12918452
113316749
3265452350
260122005
4923483457
499454409
837859218971480064
259444266
230049361
156191937
832188411179970560
714950727
94585461
896645103724314624
294684513
15203708
147749979
56326686
535133985
16966672
375654794
154232981
68138338
20012012
779374787751661572
894615358849601537
123605419
885307344493490176
345470523
893833665741955072
53362083
113552126
3244967360
714002036753207296
1285085119
2429843682
50961837
3007319964
62050152
3771402200
3178042962
874424646560436224
82923632
2420718853
838101787278114816
107618891
18591471
507051093
3250740432
39510033
28986267
729072246942097408
253986543
2602929512
29989879
710392492345024512
730164659026681857
68429874
72300763
235981301
86591704
397985342
866206138848518144
64947318
115409994
71783849
1717813256
3236500340
2918092966
176851968
2800731468
851253159003435008
872449139337961472
2251509301
882808316887527424
48494050
2397044359
573537121
870583132109422592
858926994
718997103075196928
1464773390
241844413
74643491
766573749667627008
41098681
3074342370
828705280770707456
412682094
875551073569693697
219606641
18386066
718261229429661696
27601645
122660175
164745925
3304726861
2726141504
363961563
3855685512
131654767
388734343
131152223
156698955
872687118945984512
295835060
128819011
871294885340487680
229661124
722145209149169664
1603038121
2730547914
22220965
726377062794043392
1860466285
312459343
117665712
355308485
3105780608
69307514
788710101020540929
858168381811286016
756433182963081216
782550160467308544
864479273716916224
1043897701
860233777326325761
77468177
543172324
2157067964
862446026153574401
862629055199301633
819558827582332928
80225023
815677407638134784
2443569636
16988702
199074661
53332782
861402952837120000
2952911827
792313680809431041
860783387937656832
855631522673508352
859088284353314817
24563847
3189501878
47324803
86174314
3343683972
196265688
859599468915601415
855817149138350080
126546921
772346501997572100
283208992
328786278
73851396
858006668394635265
858005001129480192
1065593336
2380517454
286751823
169018418
823082793378791424
854214581874335744
1916286824
1153473745
1949108856
17251152
706010956082458624
84236262
855691594837643264
847709205452644352
854657177595793409
854568065312468992
521070597
71240286
853656959697920000
727551156654755841
108645774
183262562
43922847
852465929942204420
1585349772
1477039436
232712591
1237464588
2207398586
290371417
117095796
851441445198110721
53342337
348992095
886478497
3177406234
156934871
144962434
38818669
849775580912300032
328398567
850122149851312128
832979104366366720
705593652555313152
3009189564
561176811
845633847760842752
2971126885
112629823
838229240004804613
150980167
2416553220
19105462
240043343
2511654986
579833293
2407107576
17678121
2439590040
4667537964
57265849
75196556
349358892
2344866822
3197739764
837265096002965505
102328944
172601510
823891711818539009
390545926
842173347542704128
774460472275808256
841911494711361536
229324269
3679212440
276949945
840016705082466305
65929726
2559222516
300877260
839314345368547328
828765066849685505
4804212792
837846131929292801
837026677238571009
70662618
1296393420
1595310252
423257189
824876300561063938
2799359089
835044591648788482
58979220
857594484
3017215363
444347107
2218332344
78517986
1014473424
814404472977768448
780976594592620544
68094773
711416245950656512
58086507
832381209346969601
175271441
83008031
2648968928
393488163
63070769
131570609
3146803348
2537699557
370200656
409057441
524380150
798146660756910085
78046099
2164515781
430302072
828866552170635264
828648704403922945
3864558914
62782769
2601908868
73801697
104487973
106083868
69636827
84230120
537835698
825388581229195264
116181013
823542639102488576
359819442
59494794
367377276
2289395815
824010042395344896
287019515
18376045
473076135
58211016
62293736
2772428492
17666859
3702221786
19066842
86887587
249484028
1390246147
299469768
848286944
738224155422642176
473118142
63210886
4053737173
815367858620243969
1512697490
850394978
378483792
1121973212
280294437
734100025488220160
151383880
735335595149529089
145172393
816778376077684736
2843003364
2396350927
807410003548127233
176075169
97910155
756807113175773184
2784588308
94127991
1693056679
255072534
1413116119
787470813482004480
4007811620
36677987
1934712277
795594710702137344
29939431
812938053496909824
85680651
64985251
191446691
1389357672
3258863498
927563166
45797550
135096485
787834641457688576
377142877
80343879
29742177
186459228
3740649623
2634876361
59794624
107029507
238452445
58504717
723498013
712641437586886656
1939453442
346478842
515326090
144257112
173020343
310204673
537416100
798344602977783808
566100240
284868058
17796035
96525402
806694222497660928
807775584571060229
3102411997
1189023451
294689293
100451248
793222508036120578
1034847073
807155627319377920
805282044808810496
1141390334
4642506776
615778065
1137671
767038104909836288
556807082
804636846751817729
805483861702344704
69173978
791456708
805074983063949312
1612143000
34658787
971542033
196204750
2429945652
476715224
368877705
438856367
2499000468
59095865
1287687726
804875122381201408
804388024725475328
3248615317
67278024
4824981206
3147909175
163116820
105208390
700510856300220416
133752010
1467361710
69640330
802873453695025152
2954398262
2514206624
801889010494779392
462812413
801825018783133696
376278799
799915858063597570
27840341
362558175
236702305
190944447
78633141
3517005926
782159252508901376
235179942
329192818
489101316
4880149733
800312044813570048
483423981
63051876
4779331406
769016092383514624
799679657461190656
799668979623043072
2325499590
23458031
462791585
72946735
760706118259765248
34612044
784033950930915328
221210798
798171858264698880
298701809
864469032
2949907153
797606090384912384
2459610678
41594993
778495603860832257
793197932287696896
2928797107
3903449492
3355475240
448486016
14585543
17889441
795501578585141248
767903536390615040
795600689724473344
400522130
4278008114
3576977712
337575522
409534374
477490531
90745781
1548063979
4056626311
2582922301
946835388
758896838
2594559758
383638610
160401972
1174265936
1549470343
2777056616
546123555
245443832
225273719
33462900
21179616
341269948
30121731
233476401
23878481
3689372658
91931679
611667482
1533321866
709263953554092032
3185832554
3253495034
518466014
88547503
146243057
101276842
2395861381
62294955
93791773
107120278
2930102646
75338696
595338619
563400539
159883218
1275292838
792644622149378049
776393040
92269671
445038725
707604721914130432
782448804775600128
1916926128
474864466
790494740101771264
790823498604097536
423663530
77428122
873612254
3301757655
767736266947342336
24850536
702987614
2944705446
187156893
387144961
386389648
789405662958592002
3138787015
2292525296
2937846730
15177991
169052354
787288645535346688
2765660671
710295413694181376
787023359166914560
65863906
2258661434
2293490243
965142457
718292108705144832
2329641043
736033216314757121
570149556
785096015955185664
3190463479
68540409
720953173557379073
627068870
729647484906000384
66331199
160497272
783679270505689088
2472121490
347710969
172926410
251588206
2209975518
753301728284532736
52741420
781375538837327872
213372182
312511030
3194967246
82075008
152906740
563572685
541230326
4533090674
562207341
744707182390706176
51346860
65101677
706424337138495488
14780541
126332399
218408738
53680053
47244998
200840610
101177863
172258055
3271663075
154905206
962524128
2983670192
331456212
88641385
141433070
774848184753410048
737000832718147585
78304420
747324419899437057
732937909326614528
22371430
300270608
14852326
1217355156
4926318756
59771195
43333962
1703080968
2525079702
102756375
50969631
768453171416961024
176076167
513164296
714589351447912449
68313353
1306609218
233052093
182790033
21724968
3194277120
220378035
807059
254089049
1052751512
50959692
64405577
766832854584086530
20861272
3061011063
85054382
79481212
731145048381784064
1078283185
2318509728
222089302
764020260013903872
1380973484
78353285
3359164873
762696800549556228
760797843644821504
291665963
148393761
341931477
2949677900
246135354
430407467
49605438
579667053
761196054708572160
761026850554454021
61193921
3322436796
273663947
52733330
60328286
710793571943780352
53591440
111514334
257303811
2724844868
742597459260514304
159294126
3138305289
62992747
753877448714887169
32383275
58750089
95343933
14242041
31812391
756518204164362240
3229023529
395404691
1525337724
423510154
724499782899625985
887996114
189442644
751469268357615616
521059066
727690243051167746
86245885
119572152
481117407
717514900470243328
45540465
328507598
825869112
2395973024
2306302488
299525539
131413382
2908758332
354816497
1614486289
275421829
4651962222
19969077
3106812756
770290201
41723545
1228986812
3590037679
749416779458318338
749297203307433984
346578853
325255965
35357489
605365567
59452576
749043013943300096
255024381
521385623
91798968
413794050
1674646267
174687901
153494395
705333022627725312
741728899860598784
1383111042
748025788147113988
748013920141611008
747935746909081601
172678020
512770587
1715225527
21992709
152258064
221317200
2408387886
732084288267550720
747085619516440576
746955471509028864
387942075
54771423
746625367784361984
73335633
385275116
375490932
2437835022
79095599
36185059
48429989
84472036
4778600953
69792570
36067161
166680245
344102409
292039275
44887837
4862816508
704948809009401856
973333044
94786448
51324069
1192086738
72396459
2652394310
494774524
291011942
65587868
475861584
49042959
588353427
737186404594155520
2527848378
3249913555
46373022
1491636332
46923516
3238899200
238534365
18034044
129508499
3158303796
37897267
31302835
169801568
554221972
2620258956
1597607689
37231774
2866395332
737618745426776066
360400695
736724288095457280
875004234
718862826543034372
123815014
3281698538
16528388
2834266693
274511271
2899430220
163376708
735698522595430405
71476366
735150759952535557
148537387
2910551468
34947602
1139205042
2617221085
60812727
2438222214
723393112903544832
2190110396
729615748117581824
190664084
732808178933583873
849690122
732795966328307713
456614502
2257471891
181448585
3029983148
732338495654526976
78626208
231354987
3195826430
1039112935
457514859
2255589990
281419179
42184206
187863025
716831110685044739
2678557369
282790140
2741421391
3889286373
729558382630211584
23427010
169327883
193125212
15141900
46307398
79708873
2182278282
232188284
2833619875
3223168291
1946024731
1906945130
709225082976018433
1597380264
302736710
727476771801583618
1536038054
3223779957
515064177
3240884781
602812399
493961051
79189760
1854703969
70969725
915999864
590742534
2207892020
78543442
439031692
61191973
726218758394503169
771591006
103605214
3088146374
710724023135522816
2421236930
195382193
569121410
2906853770
83296265
1572459985
478260098
2552531702
3029598659
3265570741
16627547
4903949954
722259528746536960
138340015
60071040
933413718
66634885
71186577
707777364063686657
719788423096242177
49421420
579889319
127480483
287658253
1119409808
4484630658
390005783
2557937737
170915481
716472884932263936
141351534
389363534
3168953896
3290313512
244413282
717292332400451584
717516919234895872
3235572806
701241508721070084
39462103
1902775825
2518181130
289235404
1103048918
3106512036
3098762784
138000558
363711789
3314657144
64137418
715858465550262272
700596394797588480
61088636
3282033673
2602093670
626049907
67965825
4280658312
2665043612
289704544
83742431
714262636410511361
2257638547
711751392298315776
2541830646
4805549192
2181565892
4395491
709368919757164544
3133271
3271174850
1602248634
2436730231
710704942370177025
19898633
236281660
62590337
546981574
5760082
710867201784303616
57576386
120529643
378521168
15255681
704906539635712004
537768418
901235592
4916733592
64587276
4513222994
27761422
2834187444
709283403481264128
977835320
707288423225110528
708575253367107584
3258096427
707201727053717504
4822739003
1335801800
15084961
708295443038343168
191105550
162776408
433989787
288585549
2733698502
147787423
75759196
17924151
708087912634519552
2234788730
200831655
2793893666
4711428968
1357484642
586650528
3112231900
107410214
82579314
101039009
286659627
2379749454
24714460
2432976794
186879202
2341266895
276754604
45151547
79471873
291192101
54910919
41114817
2223249201
44548966
3528366313
14576289
1035081254
1479391382
152459390
23756700
187125835
4853162174
177565053
400180732
3537752954
151725671
1452870630
703914840453058560
288125675
17171128
64750606
2544739483
15700046
72234120
132641170
2997007598
232508566
24810516
1579565148
90147009
38542402
193193752
701765410958409728
20514493
539906528
274921797
4817021322
17786569
41907158
40446003
4130643313
386600713
4135886960
3117144319
2594339413
41052485
236370953
81553385
254497525
393731064
22944343
476499807
1649290784
21182898
3948216134
476542142
469785250
14176457
986182992
78835105
4126012594
201824211
312992840
228286052
439440304
424232403
145917852
4923534673
1578120535
28847825
20836647
2911822212
939248276
67671251
21762122
652803
48761510
35429523
282909633
4922955012
24975434
362867629
28980542
333390628
282141420
408902312
64150423
161989469
519294316
150607403
1203256578
44244323
2323938876
461850176
11755542
2690234216
108661127
101136910
6335502
4802464212
8974932
949896816
154665146
3690268160
18970986
22144476
340063113
406359413
217787716
203932518
4921228508
2236953342
96697609
2955655922
2884963319
226117399
2204420143
25771256
2656586892
30887053
4915508936
3948292032
3046048440
1308361926
3753586993
212351255
102688884
44368716
743439421
4859653505
4891609820
44685875
4191327321
9876702
2772612313
75315490
359966517
16419364
2908136288
120987420
62737380
205714807
3768406814
239286187
243191608
1240212360
116356183
56623133
16606342
243582419
15092519
19104307
154823098
3239863388
78927740
2320443330
42316540
41580555
79638133
2441860748
3816423683
50018118
25089459
4859433999
3321852522
42788453
197999400
4395285679
72829474
86615933
42841089
22628899
2321099652
2884963054
4812611005
15892900
612406627
3266624760
21724050
217170980
5765332
77121751
4716041233
121379870
272877126
166449805
44633171
304937355
844135850
2360924246
141790918
83369418
4270471213
15313448
4090693754
3308957833
17537374
2443477759
19456870
1365367800
241796148
130079738
3456657378
2582653291
18998298
172258372
4528925473
3568266612
14489115
122291394
951853512
485466265
103726579
937159172
27317104
3167164807
23121787
340497378
1862132742
1443980588
4591446622
4598385494
37638900
2980215176
14962224
62824914
4582281133
4641202645
120119934
90439344
169878077
4493651116
15708616
3777645498
150213825
15689909
3141748650
125945002
2208895975
60003170
3200158244
1917847135
16094901
56635004
3305598980
3488115560
394699388
78370914
2573934462
27163406
194563921
4219015817
4496469973
338429475
260711796
3668414354
2326603350
373893990
295612435
24488626
3018030470
374905862
329711737
1146801800
3182742726
325447421
3239431610
66934963
398121648
750532897
4278578603
3825432384
44614078
46386250
61708833
98139236
23087675
4310636905
3179102732
39712734
19213728
551642017
701316127
62781170
2478639434
2648593520
520121129
382639182
302483398
192779974
1519259190
4119056180
3255647564
746820360
4177964352
346481471
12892502
4160896094
2827435112
1083236264
1534325826
4133101453
96947945
17278687
521352801
925273801
438742532
35670506
356026491
4112982193
2534094288
327823455
3980401094
2906676391
4077373459
105978498
234774005
235905268
600740684
85780587
2898685453
232764581
365445385
243670024
3155065141
4054906033
3224170303
4046585053
3021314875
49901001
243018218
4021791379
234867362
2944423789
608045749
4002775453
113314493
1673518741
37164677
64362239
246717007
68971046
1381564483
3512756474
198755430
2327931199
500319301
2276361824
492889717
378967871
234975896
185308986
3914897234
27361172
3747582379
120485353
112973257
133972052
75212107
2979394555
19105354
21842641
3862770680
3855933674
3229507784
112713746
438244870
2718673880
292416527
179104134
2557992960
371565966
43505448
3749041110
2949688154
84036926
16740422
19967175
481002528
753913555
334561529
105097563
3761363833
3771065840
182832496
60858099
125377353
352262642
3743897418
3012612385
2453067704
2151769927
345834171
248501870
562383545
140729951
303813266
990093666
356965393
2444104406
3343012213
533886889
3692848633
3243021354
22771547
132406170
58995917
3682639994
3087460753
14406286
3671373073
40458359
2479820336
1034335616
143804611
113429102
14309677
55779943
1295350040
2280839161
333816230
3314665764
60105504
25712245
226167885
545978001
956885653
67546418
430555034
137294376
5524442
1584981
53060960
7895442
183230767
3595067473
439720881
2717265307
607246414
2383859660
895379658
20372311
267502468
32339780
7007352
49916661
136895804
115066637
288429643
153340701
25681771
406897255
189741312
16508168
501460643
368287934
2069631
20321680
27418601
233418716
3589176552
3267384666
381928538
109530189
26640441
258709179
541092407
1184818969
3581842932
869767357
122492562
3416324233
146130430
47083681
216235389
80497050
2991270014
3554661493
175719741
98574863
365171807
2548045598
1346541354
453949088
190250085
1199344182
107320196
3606196576
395850468
32851916
398139202
3246535213
1005714968
233457922
149783411
3416324413
226991882
64429667
21500882
1541441756
2210223698
3024469669
359176388
246672171
215973884
7245732
194827518
145775724
55771380
143637913
27684417
468213962
38887139
35993297
2585046950
12346
59345706
544894484
43023555
2427671713
287184931
3326355032
3304920018
189431268
3321399480
2339186743
3308014267
68414003
3318423074
118968519
159726877
223790637
58080390
3098053465
11670282
47835089
2891176111
262170930
234039283
2273213461
53485226
3224059788
270122028
3313238107
3313166916
2992808876
16862139
97307544
26803105
111644232
20966232
51002583
97298079
3308339890
917788214
41505870
634206323
2579627532
2300697192
80259757
154855176
2896376389
441680964
439217030
3152401399
3307018244
3242948383
58247476
253893146
47269772
51638130
3303599540
2830229023
2279894431
285407141
16777875
3270593414
3298042326
35412710
142216619
551528291
2750515052
2737686680
3289433226
261716412
3177393896
278409379
77236904
53289501
901718683
271409034
228462983
64693237
76823664
401152588
546866302
833113644
3270100044
3196501734
152671909
362335412
3279079723
3255803150
2429776194
3279185629
3255722119
3352932047
83946214
343285751
3252977845
2398218583
3237830089
3252830550
84014319
3116433727
1294396214
601979363
3096353534
1563190778
2287566577
345881521
2441679356
3271334016
58398840
114814730
132175154
37370452
243162983
5788362
169102897
7550202
71430736
21926044
3268302900
819592382
464718674
3258455371
28856875
3186023064
2901101556
295224148
227627574
603313592
3168239862
425858699
72240809
49491470
130806152
991990146
3354350584
257820622
47244367
3260896778
97141236
597330102
48362352
425128990
2929467061
2391147092
17990998
3254881544
595811858
43861844
1233662460
3116531059
80814314
9650622
2874478262
2460016477
169853732
28767956
452942933
226416700
1413182510
553338728
142903212
325059717
1315847882
263132498
353468669
465166868
364781222
136909077
3232290932
3222059443
85115360
410572556
1551604964
616680154
45180434
159892313
2706148483
350764223
3196470554
1057579195
52346831
469634120
3101504147
14252461
2937762548
1416993104
821526133
378879194
3195225097
244450638
15026107
179484161
17363379
335346322
48570848
18576619
332589646
3195106831
390745308
3195015246
245460350
257354602
71803916
473517403
409851244
99247561
557326154
404768123
536951505
28566355
2280465906
40214532
3195016988
1098123031
371183341
2848308326
381999347
265764905
258696860
70033001
2935532490
532631419
41837743
534993980
267207065
560395363
22875921
155827822
81765717
1369195320
345395064
355973461
16731557
84497668
266405250
1024269890
374423025
3046129213
5980582
537544231
280669951
15622737
22419919
364749797
2286068568
259117163
521396460
912158924
44306751
90172611
200899803
16096075
223370073
402111743
34272984
294695754
97930673
24650206
362315994
309577051
23698437
73870584
32489678
3021158352
182312910
186667638
390210793
30368129
85758660
12280
66633699
3176671622
26999069
2940407102
412087138
283081030
2424478837
20348339
2414166806
2514507090
435687553
19639918
3158810588
25976449
3144772933
3141393097
63715433
3129145688
85307828
20977963
2615133342
1397194956
3145288111
137205168
320903971
3144826508
113157195
45544437
72221077
51709317
221479485
3137054702
3138458156
62331791
773700188
159126229
29179716
95588161
31028577
3116959110
20121661
2453870209
1100930606
90282471
3112431379
32309750
3111800084
38976591
25970296
2423185850
102032832
2288862980
68565014
201630628
19278599
3062205612
453132233
271963300
224252766
67830935
779335550
90881276
3823961
3074828502
24886127
30849467
24107300
3081651984
33157612
2677706340
18755243
189218184
77121939
161233780
56296155
2943048248
1666788324
77911082
583833782
566889601
847666765
362369778
17435578
26906309
83746135
1701290065
1618244941
632495233
3066767629
35489110
2363929668
122595044
142206257
200844107
600477259
788162
117143320
295157773
211851319
28312341
18243152
312883312
2364461646
2687783730
146868945
1730901
481878220
20218949
2370526856
258232062
216406414
274556426
330045957
369360224
20208985
18375533
622918808
62268698
1478539088
2965031695
112728558
18377799
179913127
19016745
15349041
620812232
384235579
2963856089
149470881
296293108
594537733
1494704413
2841081795
3039948672
155887978
408070680
2685605635
1181615882
47980310
3016595101
3024137663
2844354019
3000472148
2204475211
82104764
3010235933
45935797
2925822798
2431698066
2996582137
4100001
25464718
297046015
19389329
2981543827
2975959141
27840749
2945678552
2832833702
2860557754
2966377177
2803275620
604778209
2303019626
44094739
18300101
20110935
428190299
1889644950
2951455671
27008284
25314414
212464687
2905782210
44624620
139154537
140366890
2929461378
2177743430
89408855
2856619922
1297264140
2883992617
2915544530
47129194
34310830
196614049
1370369532
2843633742
342102892
181444701
40818333
304780236
235623314
63822415
400749135
201097278
138087213
1699908884
2741620807
391556153
308837541
10091812
475467736
2888741096
2889494414
2471140812
2816439000
205185693
20996524
2322751068
19673637
2566727716
22588017
109235516
73997816
596941649
332633256
96576200
1209543674
109863883
110103449
1217241354
253415641
2753117036
2519128022
428919872
25836246
2864623903
16598407
24676456
2723119561
14163806
47842332
85993369
89870485
39515090
306959226
248399205
1319862144
159581303
2851525604
403265959
294685666
19019802
872690731
19305645
832562634
746742085
2795156791
2440557920
2838294481
38117114
2733087468
25466541
2793352037
914883468
14070017
136919433
96485768
2817419791
140660421
1525166184
270664033
949366285
1607272237
127335358
63694913
142557908
45482794
37392745
1115792515
613180389
390677837
36720400
48429049
235095201
37903699
1130272274
269655988
2288752244
264849547
525352694
2781023322
61517900
115648095
209097312
2770149506
1288006836
66330765
2761690602
491189559
477592968
125086962
549773101
2338595179
107623575
23260034
108906629
559086072
2776283479
132779915
242246268
2476946750
990033890
2320670221
17257397
21198768
610013057
342108123
27618333
111851672
49945316
2744723564
2207456774
458938974
120734593
1353348948
2617165081
2727504768
990505885
27635563
1535540275
25339495
1100629866
47906610
70109067
295518363
291806469
2694493364
74459275
15353126
565644561
367032774
99306842
72019171
59725042
2395503710
41360253
419395107
102862221
306645831
161583220
207950480
356089335
18425366
15315691
2610862794
1572304219
66265580
2613615014
30819259
1368383390
376596155
337014910
16589099
371320502
22272614
832839307
73330465
20393860
2525184211
34215063
2576317926
2574088345
15374858
409081641
1207728774
338830847
40681120
112054826
77254825
39726917
2557785902
2560705238
2542066722
23735568
390572432
27404660
64764707
599831227
2196042684
250880259
414047420
2546010986
2537187048
393895311
181920756
207365873
203943421
56341884
338926896
106709880
53328851
110170180
2511585499
15428621
118625608
2507312827
125596178
2506322677
126007592
458902463
2214358694
1157028300
167359386
716158577
244272686
124817639
109118161
289230409
362483508
20138479
15054729
756646
14388751
143822126
17375490
854378137
18925465
106385538
1369167997
187160813
297381644
1574741684
2461838624
29215270
340697402
253001839
2465689597
172358094
2464435644
521256686
24905268
45097567
1518694130
20153169
231588100
2453857933
35402716
20152330
52089781
492209305
74725187
29930226
37399193
2371897285
549359847
22491401
52995117
212583092
322167613
942686197
70879324
41376580
95402709
2427283902
288041858
471155908
256973515
15279755
51334015
14989298
2420916614
321247244
38450985
33473350
209898646
46427746
14565508
49514858
451825203
132620269
1681164944
2417672629
611528012
607533
54710178
88655305
14008122
56683795
16015137
17466900
314039723
2184227611
115294537
195193775
79238461
19867646
82371988
31601212
2306343541
510244118
48920634
86728053
1958571025
2401161308
2400591984
10212392
1959374514
1129084454
85588189
2360329795
18477198
44062687
2382996883
19960363
2378642180
2391415017
2249048047
1111506632
732194604
452001225
1199110416
15660916
263015213
101163637
46248525
13944832
455258072
101457507
78023521
121405769
2358152936
2236381
402467715
25664495
1447671
89664902
88396194
2350491270
66974093
24797035
3981961
15263688
18976315
1050052933
574253
16953434
2327188598
626571539
998618617
27420482
32827747
74374568
70082697
572515327
1010772205
14994284
400461490
56590366
69493494
282027287
427833709
197852783
515528115
238623961
2299709527
158619499
30663505
74538749
2297313306
2295823602
48457003
138661671
2291034264
629671973
381509933
78797355
1135862778
1530195781
93120654
1692736687
179961651
16122151
51935973
27044480
14932232
235870035
80788283
633770517
126699284
35993476
16267340
279521097
633639491
15958942
1543661
2262506568
478632350
22823
1462159951
20363862
68716945
91545221
131129077
951885348
2226373279
239787749
617851318
7034052
2205114798
243135096
49914257
196315333
57670269
403280241
323992950
21488697
187792457
336371737
2148934711
143811844
10357072
332470784
2151864738
128916563
114372311
84193220
132998305
23741785
46617285
26250500
1395259158
882395773
35929791
235280427
218988324
220587938
230337809
55238591
1949096886
133405523
1664143327
16222855
1218916459
23189153
791510
294758096
44297089
50240732
16299855
217268992
610693
528596996
33633367
225095970
255413103
1875210721
15901935
60272275
82422309
1498341781
18189878
58114027
992916049
715953956
275941573
153700271
248910964
276035699
349561039
77226325
22575891
13040812
9952
123137811
61800154
202474336
33138823
267763388
1228416096
54911727
808926518
520883976
20788139
590904419
73892857
1481839182
188714137
1515826998
14659166
569963330
14916216
531306886
16387678
762755354
1253579431
1492328510
1514937018
113509970
12165
18237041
49160061
1495791332
17695807
1490393311
314085471
279946191
22645194
897668180
819955879
81541005
536035019
409273509
1350494708
797495264
11374732
1454587616
16945233
15749193
92935919
50085053
29141352
959851526
40905872
115152465
1396162651
1394116068
70568649
1388510370
32987475
46117475
14841466
1358290964
160129962
72608314
498721028
65094007
80578039
442361278
150657006
126968638
1332222032
610915568
195598246
410096023
1326216990
192290308
98798568
15915946
261573933
72757077
91149405
1307055728
51338159
21505378
295102961
87078636
387551386
93574096
143724451
121129415
17858925
11793952
105442078
278028189
92161809
29917270
78805659
1284849186
471974479
38872022
93855660
364336253
3046241
41056925
492133646
39075308
50269596
627432474
64011067
120728248
576322150
174695438
37160932
27794134
26501417
132012721
22224070
441015082
93536482
19396281
424618596
125076437
243064893
388584420
149399398
94137821
112644188
20231511
846956077
272856447
68104599
328557917
14248895
375396197
452789340
21276380
20676765
249242650
70980109
59196562
263570485
3672901
20569938
738003
20503664
196962982
11894622
14918167
236632933
17612043
235905136
136458081
1000704721
14923039
59383924
17418113
48201969
47957741
1150282363
14272266
20166694
13757422
61505466
37569665
18425355
389845819
180014947
589621825
202535050
607863
112113593
429569967
477571691
294679074
51721213
970075898
307849016
151543312
798506348
239287994
345181393
41522318
121440375
57887307
218533364
48307177
129857399
40914569
76653
1059225408
430541969
164368924
824925823
67206564
159778767
1076921095
11162292
43320164
141968507
14969909
665683
395134407
444344603
442893155
194499758
75819605
12207042
426766154
215247275
21627766
289353433
27664718
131718653
99915694
402106968
15201654
25050224
150956270
62273040
74390722
16285762
1007531
706943449
136697408
14851299
23152248
39517609
248212218
526768016
248661906
224925194
292737002
6806042
25329444
17243131
344849755
471903345
23088232
264890112
772307
86206969
39754037
78337835
941062286
856053416
630285753
83304047
45522492
215534895
213322116
6907262
32859990
57923403
91352668
219563291
143670015
603339201
28920477
47121506
38189839
47111514
36026119
763691545
843119282
63751993
305996566
1705281
293159147
57360489
69913712
25426756
52696105
8765572
41529867
42582412
674573
19383129
14215683
60625872
338064109
370250857
46582319
64353311
56653019
311110817
15834709
190958876
75977908
64355617
97592614
300455790
473137273
860351
244542374
16575459
229995672
37961474
15005657
17011649
390099473
119734961
366616044
740684347
19282683
445108997
208529977
276549681
39679354
44136006
14990011
51003407
120711752
287121254
268680284
129120101
635131028
114453271
390720288
11358172
14223444
60612875
18072535
242187675
63995209
74719709
11825082
299183208
25990632
53565256
445217989
7144762
617141254
599788916
202988851
68922031
27457999
278099428
91230460
5417662
20353769
143723577
20971893
415426278
44374208
604513775
30210075
20210853
18933427
569137800
347800765
577977250
107306009
76938743
30574935
150170892
15691463
269233321
598161073
15787537
590453738
9848102
41622544
444717375
33747745
294672982
20958655
20300790
139683427
589765850
44267643
30375227
19050205
245621504
579160103
72450120
80371973
67602937
572770584
556890451
5085201
15596729
207000026
46026410
548946985
7625782
405330229
137255398
14828119
494689583
444732038
63374155
189409396
32958443
261242643
55666577
48183054
42365838
103904115
93010463
341663993
16821517
7151432
27770996
92784722
220244283
96315888
6988732
46320606
228080392
16644588
294713111
204802236
86922751
58431278
18902853
70033
499467773
64432834
53582401
436601491
353278925
20971460
263946273
65324355
83859242
7201542
511630886
53269396
410799802
40401728
460646215
15915905
35175760
84608267
22018780
254130143
211553891
17434372
435663025
61709756
23288723
10906702
11300152
7760472
55302351
496153359
17738275
333807538
5635062
19591478
11053772
110617862
9093
800887
37401138
47247016
43014035
464406770
12642422
239867410
89914369
170262781
775318
14377164
493215066
218954126
491099058
777131
289595168
775328
14107081
