1434845340440559617
1434844865787936771
1343044201089359872
2336490234
1433637724402196483
898758702601129984
1430273763845672964
1424758390098599938
1397498835463774208
1420456296340467714
1344467751440510976
1382660013152358403
1430982151307153412
1426872253526986753
850507930285654016
1416323161738600448
1419570492608897025
1153209642060673024
1425122107374112787
1275202859831889920
1362431568124387334
79939333
32834966
1152135661253775362
1346810108018384896
1183317726690828288
1335127498330271744
590708787
1310305329251594240
3351064864
1259353043209945088
33425579
1017731435761987584
1041856655196127232
49276305
1180235030783647744
1092459861885935617
1372559498414497794
1183345840389148672
1398842740620677120
1016116710
1213436603282018304
1087816560
151415715
1414598870974173191
1423840561459384328
895227968112513024
1337398731784634369
1401848788273156101
1255857235
1272607460906369025
765883222647504896
1420198972212215815
1423705879946268675
961567822420828160
1422992704703631364
4860566112
1712778391
1420411342511476737
4820979827
3374614761
1421678012303478784
1097853853544833024
1357166030888390657
2162674334
155952332
1409796582
40212592
1414060634711408647
358178596
1003548697
1419446161526562819
1418317113245065218
1418843394659475463
3294622847
1162173379585044480
2803967464
1359854099835981825
1405517795723415555
1254693540090662912
1392095605246230530
2234053381
845236420641931265
1416591625212469250
2751964316
1397722726027042825
1033846654523387904
1287288362026430464
1412034730288091140
772312488373129217
2517461509
1365265577565126657
191959603
4826559741
1406827858161508358
710106008509554689
1195023806827417600
1220343968413581313
1370069044854808578
1308077643082985474
1360280761690161157
1408524472467046404
1338876552340115457
1390883618239696899
1200727330672594945
1216909592585629696
1380855011047919619
1409873585242521606
396654282
1331561898471395329
1095525294272704512
1393182975831904264
1316707431540355072
1410830373257285632
2328184040
1367493958700515329
1354798163433934857
1368096006210981888
1395386295174656004
1384645022226649088
1402253570250997761
1216077565514805251
1395734504199839745
1406837339628785665
1366847877927026691
353518202
1347622963886088194
733047772493058049
1403370125357633545
1372030287174008835
1056575779700641793
1295311674606604289
1404497216119525379
1404247551348416516
1346985302309539844
323305178
1392619360615768070
1404798460138754048
1393099747687378944
1169146493833502720
928139604
1361790118756048896
83331016
1393087336569655298
1315571655805030401
1206984841
1396168791852265477
1291731920703782914
1347915076645183492
1227948098900590592
1403032843144417291
1382638933444415491
891748983139446785
1408000132914716674
1237529920030400514
754935787
1400705355668094979
1384515949638815746
1180693843596992513
1392981419346042887
1034824786009120769
1407599744306667520
1281079537401393152
1398189160012255236
1200822814338691072
1294687390133411842
1380394747567562756
1405915217465389065
1329234319613644803
1338534834004762625
1405954639300866050
365344000
1346349744931540992
1402594049761050631
57263991
1002341541082431488
1196870870528143361
1311532551866114048
39454126
1275345567753728000
1405355074046423041
1394695251009228813
1395425964495032323
1396526394243371016
1316645296978370561
1264009685033611264
1133610177670799360
1400480500582469632
1353332502383849474
1204299250076536832
1294001852036546563
1131297792503103488
1371079580807618561
1232440468333481984
1008020960174399488
1349978920951529472
1374107515504394241
1402943764499288064
1354555988259565571
1356469857169141760
1399744378680213506
1390854364177133568
1369043987944837129
1371565344117100545
1394793973001211905
1393493511245205509
1403669093199142914
1403354905474060289
989126960583409665
1403250612368601090
367801919
3301167529
1879897609
1402865211640455176
1402694555657506822
1230287721555464197
216970362
1402238176102699018
1081213791566684160
1243546010116292609
1399212552916250628
39786259
1048153638
1228426830761398272
404118712
1402153168994111492
1280964187724738560
1023144857005481984
2226366284
485128492
526358450
3316973040
1244467259264782341
908178375839145984
117121603
1305956606950154242
1564275402
1525441242
1400165392434143232
1399644250351058946
1351504791034241025
1363754703083900929
1004718321034506242
3061494914
136669145
1293688808278376450
2777426468
98063018
246293822
1398765349521272833
1302327739244883968
1398571570570973187
1395057629785858049
1394951923397169154
1213257110105944066
1351483112
1381862062276538376
3404304437
1397793827637784577
889295736625664000
1355376885182697473
105581591
759745237640110080
1392393210685628416
1394956815159504901
1198296984001613824
16517445
1396110051815792648
1388426774799859712
1395317849091190784
1345470806294470657
778508010347823104
1395078452076814342
252415366
27893770
1268097462117568512
1394950145041522689
1242324279120646145
78358254
1394533872847654916
1394019554779549696
1394264404145819651
1386687967935221760
58865054
1051036888105017344
1136307595067551744
1342404326237487105
1267035342680489995
1390637513849589761
1390644795178115072
796273473085575169
1394115997523533827
1387405560044167170
116114428
1028841530428014592
1393809905933422593
3130033338
1393496036409155586
910907262809583616
908464866263830529
768089520235393032
96079051
1390332357022867458
142923561
1392829212436828164
243487779
1380489180141268998
60021113
298704599
931681592472244225
717757912836341761
1083498455626960896
1391793452996653057
1392275273043742725
968555873495810049
1367506303074058245
2582010206
985511974590144513
1389202017688723461
2427365766
1391016857939759105
1350489272281915392
1391277133461262345
1279592532024758273
2234727481
1293908776370622468
2708309522
1391013836002562050
1550768630
480194218
291609629
913266549640675328
1383995917452279813
1390907089787121666
1372536650694332417
1014171706418651136
1186837891760050176
1252969975297585152
1259264167757873152
988081410266337280
124841740
1382887834277670914
1304427943217643520
54485407
1319484640764125184
1314544612065914880
1365806521754537985
1365520183608115201
2772657702
1378784031496671234
3188967469
1388994340744318980
1390247474217029634
1178956536950902785
292837912
908386249337036800
1009523420
843361332317454336
275473322
10328212
1109364660308856832
321196888
716685927624548353
745910835130826753
1262389369660411910
1389426734676729856
1030082547168894977
1381744402230558721
757060918048022528
162587759
1354251331477905408
821967390011457536
1386460623706288133
1291010285764042760
1172388164041789442
4496495712
74719709
1389040248303280134
47577651
789265589105745920
1388875578036523013
1351144891049537543
3067644241
942817535115911168
1388773852608532481
1279697983030820864
210729774
1958581952
820168457052442624
970701976836046848
1232666589993943040
51634347
130289637
128773253
1347468548818444291
873739581048442880
1387716904136048644
788489473805869056
1301759969398861827
3146621365
1355141561634463752
1883582078
968014122515402752
1377321345428516871
79245684
822097636073144320
132424226
1387426118660083712
1387555340938407940
865026516375220225
1387100114443976708
1287794382918365184
1344897133867114496
63853939
1380496793272643584
1386085412624486400
176229132
1386554245692891139
1386413682473803783
1213033011366641665
47614754
1384420594549026822
1386040819149205504
1171564787639050241
1273083178224214019
2165072770
24787145
2417443550
1384700014207721479
2780267033
1384139948274585602
154461348
1383381703037652999
1383432930303700997
1379877909884596226
831419976460312577
1381752621296418818
57378254
1381488344647888896
1381478806339219457
1219478246703501312
2522219335
1380526157607632899
1380501574829568004
1070214647834443776
1354289576211341312
1306139158436442112
1379961926428467200
69578255
53038354
1379413674205450240
802713184423399424
1378953412536987652
1361380225074958336
1377195194177753091
1356488024247291906
1376827117791420424
2202685754
1373752585333714949
973409910334545921
1282152559919038464
900297595062550530
1376444179119804416
1309475746021163008
1372110230952157185
1114695927279710208
963977425951404032
1364195590968639498
1308809656740057089
1356199878855159808
1314935658507505664
1375733682133159937
809350605126926336
1318925581841502208
1014062793249546240
1374612775662718979
1063108072548302850
956637356
1229174605606244357
1374901299691483136
1374288305865564160
1374587062595239946
1374338602260258818
1374248609789706240
1327479402502844419
2332068481
1349657975900803073
831530301146796032
1219488088050692096
57582361
1372478401039241216
1165819557467967489
1230741277571866625
1050408307431796736
1367664769
1218282458464051205
1311684110427930624
1369684034255609856
1254739223338352640
1253790312834744320
1183807085294821377
1081510426616033280
1356866397675126784
1368241461494505472
893154558180020225
808792705
254934960
1360176398799835137
2435317243
984093255091404800
303851183
2852390276
1337742426769801216
1295598238381142016
1360113558105718786
1365664173934473217
726939753447350272
1002436292892770305
4142781959
1348603845304205312
826996797411258369
745121687985758212
130951134
3007696099
1123588105494118401
1248349593609179136
1362932179643207683
1242690365448056832
823999604538675200
1362631891371761665
1309302109507121153
1361362520599052291
1362366694962860039
1357394036684976129
1352918102124576769
1621273135
1037846628088999936
822096737082802177
1362018782764544000
1349943133342101505
1361654701314371584
700246940
201547768
1155422655564005376
1355947481050173442
1352649553904685060
1330713398946873344
770202398455246848
1359727569956864000
835170598829490178
1358456319917789185
21274629
900126920129605632
1304051786282610688
1358108614855020549
904709420147462147
898556533189091329
1355940924564467724
1327345636128092160
1353522584478859264
1262663511068553216
1352486347856986112
2281850830
791123823387029505
75018379
1106486990415880192
144919986
52453551
916972922673127424
1356929856
2354537951
1187310015918440449
1305226107059228672
1347372422442274818
1346837221349982210
1346592364589101056
1292646515652136960
61876284
860864756583776261
1264528921631981575
1027168694307151873
1311640768172322817
3317114536
789619400101941248
1341999529776844800
1328879092981067777
1137193341744013312
401859719
1288984375204478981
2958120333
1328174501767516160
1339592546306019330
1261399345703915521
958938644097654784
1338888958177001472
1338489135997333506
1285234511601491971
1326840320969961472
1521201043
921125048307634176
3002831411
1259870603277983745
1194158859205529600
149411258
880108975
1334268232027361281
1371493340
1333980456350478337
1304274519276662785
3321477554
1290687578837078024
1320901515901464576
961277145942315008
81532045
1324968218805428225
1145172769
901104629467013121
1077413281411678208
1329017738308833280
875422866157817857
901423456998354945
855758948674285568
33848774
207284194
1199710575317544961
2799359089
1231129692436082688
1305494804529201152
1316315579167518721
1304307032955084800
26242234
1239040594367795201
1095193102342635520
808317429436665856
3548806273
986848397020692481
795491029201756160
1069604274714234881
1065853027
1325318792822444032
140809807
1322120716481867776
1320606816124821505
1093116153969496064
1232837892428316672
2607694459
14796847
67215963
1316197471299616769
750926029
1252523649099325447
168348502
1280526616540655621
144526922
1285944502558035969
1319129402114912256
119298218
1252810688923238405
1284500898807377922
1319583259609632770
252325135
898493273291010049
1297797901272248320
738951181
1233852193507287042
1167442247060602882
1249689723934625792
1317716524522557440
1317699497007357953
1317697993550696448
408670413
62820899
1299066788727189510
1292814777308213249
1213263414715248640
1281554148547162113
1278211679021498368
533513367
2887175468
854843478257221633
3306731702
987306614263693312
1259481539475210240
531188763
241509340
145973833
1090108900047605760
1303595336607371264
1093159526788927491
632252055
1308310953977499649
1294345679544954881
1306946512627183616
1176363392803561472
1137678367245783040
1391833741
1074358849090523136
932279340506611712
1306127111720177664
930805658609360896
925249613505880064
1287760610264928263
395945526
349057941
1304027049397346304
1269280673321201666
537063510
51257282
1039116490056916992
1159482224250630144
1301492388901335045
2166162110
1299799011105284097
1272850882720419843
269233321
1263150738655465472
1152453852525817856
1292526343687671811
1298536049472188416
1123562259744055296
1071936532125167617
466363762
1268446670687055873
1292137313355489281
52404001
3388048228
912679657606078464
1051422414146588672
3297315427
1296351752963477504
1253105303870042112
1219554038
2207104975
61521298
1294027606526959617
2653575507
285543972
20283286
236458185
55481533
263346495
31348424
1279779394697887744
1269109862111129602
230181328
1261961938050801664
1281931783336951809
46599936
1016336584075980800
121362666
109215489
4379660053
1242997602293108736
364350694
1282313464514404352
1089544157524180993
1287282877240147969
1288135860060213254
1287047741462310912
1164980005589389314
1220635625491238913
628636837
1259843904196706315
1281990569787568130
2824398384
1104574884888231936
273819343
1285528883584851968
1278317908116959232
4461330378
2794782554
1284696081003982850
1274781134858018817
1133759826759225344
1281542544740937729
1281266209812615169
1282642818117197824
1244529193536241665
1268789228567015431
1281595573657714691
387166365
2751881875
973810689038004224
1280220366087036930
628247268
865897184570466304
485432531
1274932396425482240
1222156555774234624
1276719394236755968
128276321
243586276
1251150727122059264
1519021578
1222546009902837760
1226155183278706689
1175721243107942400
1345079131
1260250160866738176
1254846194221592576
1268606772484411397
769992173890789376
1265420179585953792
1027225306757656576
1207616755117498370
306132149
1271142967403859970
895638781470035969
1215147128332275712
1202490336486055942
773705367662592000
4112107214
1268828550313832448
1247053557716725761
115916038
4449550453
1900597392
1106076128786046976
1269990749409402882
1259579238199332864
1164575014282072065
1269565148735238144
831862637541588992
1262712024
937716545366528000
1147107379521019904
471884947
1267783268478287874
2879547941
1263000312333217792
1249014324829523968
914461255594795010
1191643964677345280
1079284673245732864
1266983178046038016
1114344113699205120
1195384021376786432
1179688862622220289
1248971490977918977
1002211897851101184
919831203263291392
1254019652964855809
1105803408349581313
1143865371495034880
1221000970903130112
1150004758318596097
1265451964243968000
1265390744908505089
895207065416638464
989385777875378176
1261725715684159488
912717024324964353
1196310499740143617
1050187304839442433
3187101034
3269106672
960178090298179584
1111021861834350593
1201861425833992193
1201858042414784513
1201856076183826432
1201854090004680706
1200085435935907841
1200083531327631360
1200081705773649923
1200079620386607104
618745250
1200077759852081152
1200076077026033665
1200281548420866050
1200072397073731584
1200279684296011776
1069651838134190080
1200067417755410432
1200065119712993280
1200063018500939777
1200060130055770112
1265620826771976192
1200276867598544896
1200055429419565057
1200052829894795264
1200272377138933760
1156209885773783040
1156205959636770816
1200270546434326528
1174676055644430336
1156197023944781824
1200038237785317376
1156189757698904064
1155843248230948865
1155839202485002241
2360739648
1265632948801294337
914424708740685824
1456665332
3102527484
998205644997058563
1118649026709114880
1002925723605073920
1256955032546705410
1089148065603293192
1249875275250372608
14232408
1186695373248782336
1200426929557397504
173890870
1241705714348896256
1265543912757886981
1051448734096084992
1265558883457777668
275358950
1202608451148374021
724215130632773634
2893945975
1205317074114895877
961798118109937665
1189089903096651776
1149844559699968000
1109180639226540034
1265540061275267074
1218853351275655168
1265539965498413057
1082078300376186880
1141500860
1076655700086906880
1265512956529463297
1256895369071345664
968250916515340288
1225653815254253569
1235185201879252993
1159814041453203456
1256980127491043328
2748068650
4831814637
1240511076262789120
1247520049591508993
1163965221615984640
1247510940674707462
1247508125726306304
1174024212786249728
1218851595594555394
1263146722668081152
1081153923623186434
1141546457956139008
1265487145675915266
1259472285905252354
207026838
1154575890166116352
1264450819291639808
926106158082924544
18046202
1172825611124920320
1132282760972738565
1265453558972870657
1190688097106706432
2772527958
1204154137308487680
1264041707697405952
976039519676968962
1052209413837090818
1571349451
864104617
904017610337017856
468848631
1263275516955508743
969765576582184960
1209188968178339845
1235958591120531458
1119910095964364801
1140960785029464064
1055566718104350720
799575052425408512
1105768968839720960
1231536763346268160
1264176828643553286
900734095872868356
1259950058528702468
1156294949710618624
1265362813314187264
1265304410336321536
1265346719392256002
1265242946875482112
1234227930672193536
193422994
1151944419840577536
1143002839678980097
1265199591500075009
1252152248857169920
1141648428662870017
1070815490052739072
1138952575275995137
946533026464522240
1182344686851092480
1265300893139791872
4887539975
1236801655917563904
2840179890
1222622226488360966
39373146
3297091924
1116798789149429761
1690597956
962557159677468672
1247484807849725953
1258754180425998338
989177043190345728
1547449034
1209518116247523328
2891113440
1178690910470598663
874901099077136385
436786691
988799671874211845
1219266414260830208
1019938680373325824
1254874814851854341
1226701592327360512
2907808202
1265255635542835206
1259384383754174464
1071812456995930112
1179339139105185792
1229652816119173122
1236076845096775680
1165251779342344193
4357446560
29917270
986356824
3013358485
1235945844366438400
1261857705272078336
1261207309050499072
163222785
1263687192947253250
1246852041361592320
1263002937933967362
1260895460627103744
14928436
3011612532
1253330501458255877
192573704
1233974172696686593
2311039429
56701452
1169134080899895296
1251869730882957317
992390985429680128
872984298973941764
2887341842
2838218463
1228149985532956672
1168977193587945472
633902476
829406266980044800
1240348187728191489
3605725153
1257187959113056256
1211791141210734593
1112112024539013121
731086748630065152
376598508
1251308575869161472
1255958854665482242
807536195110653955
17716223
1032367079784165389
1174905354062188545
1221697813668454401
1239112983378182144
1238822271550140417
174230616
1026824879918575616
818468032007770112
2942568445
111875719
1251600444436013056
1250744212028452864
1247520935441121281
59997350
302749322
3247618593
1251543589609508873
1157851530633965570
1251493370012135424
515035813
1098388233388343302
1230416832785289216
1241344659168940034
1250464385023303689
1076748661080522753
890161641257549824
1214501427428646912
945152496552390656
1189928530462818304
879018139954040832
420628702
1202834615410388992
1013307496113496065
134626796
3159110947
759217855464411136
2980482935
461125775
1109008194087444480
907210297005498368
1025709792751276032
771671388574797825
1181479739971821568
1082914654043533312
749140713107886080
1076544784133701634
1245716211045892096
1165154885764935680
6440032
944166269170962432
1071645214605897729
277627326
115874675
1228469083084972032
89341593
810699484933984256
1244949902649462784
1232268361511268352
1167507164505792517
447755724
741225920447414273
1469600276
904988850820448256
1220052354944438272
1242046332761595904
48366271
48733818
520068810
844414181285810178
1242862110398275588
100169971
622455697
784378406297296897
930053716450914304
1225461303629799426
237879579
1241498246284967942
58413177
1240439867433029634
895175787518849025
1211777773842223104
1181877938276487170
387649231
1153621982577082368
1233923240428326913
1221566443612971012
2762690312
476895975
3227838818
1234207855462371328
291089676
1226328289947607047
1189118483612782592
1221793587353903104
1234696616751194112
1223947518779645952
982184668744183808
2985375931
3010967502
17703480
2711991444
1231086550844227585
1231862853298094080
2180169144
553457256
39221883
1896456062
86107208
436098971
45109595
1053518393737912320
1161526420486721537
873411959269371904
78301601
1184042806777536512
728234712037105667
29462691
146845410
1223893794321465346
1226861557184786434
21990739
4880827404
140812264
85268160
1227513578388959232
2149708850
1227141412635971584
1140583662586683392
1218794935316443137
247779151
4873546826
787280924211875840
1345625574
1174221672511082496
3002081499
3022775698
1185869620432912384
64161279
1222595060279066624
896059715666427904
244134082
1065604034977918977
1238144628
1221626961140666370
950596877732364289
791041964871417856
38827706
1213060062123454464
907037364387639296
247268686
2383551656
983583864692981761
1220627919225012229
1183056540665831426
1040127830204403712
1852813832
1219302665114382336
1220269524580257792
812336504043409409
65959846
1200919207128338432
827987488039776256
295595967
1339114346
44576898
1212768227996028928
167082325
725396499945807872
17901658
1217735546610405377
1216414630387560448
3099154459
963790201431629825
2782185806
1065685609736544258
35469696
1075704388113575938
973589850237652992
1216550050609782790
243557467
1215826783854948352
1215114519736774658
1212893453035569153
2614901022
197429995
1155018327284051968
1205032252918259712
1120425087214260228
1187388549332656128
984434737
3511199412
1180848573933469698
126889257
1182267071687614464
881588980059226113
94512985
1091207295248359425
2890560660
873937411
3164670390
122880670
1130040161100881920
719734910060134400
1048326995879186434
900284550818938881
4002327739
1053012364172320768
839956661867532289
1144865907727929344
787858123415441408
3335976135
951853512
124683991
463828705
312504350
461898767
38153981
750942508826386432
1191784855748665344
807535955070558208
1203953091189649408
97893652
1201970068646531072
111397276
777717901033926656
1199729224036126721
1438081920
2480019097
889800686
175000872
1135808977361444864
1057439743317729280
251588934
924927064821641216
1147408385744048129
793963076391288832
2165887526
21290288
867786325671288837
871673241370099712
1192667899690770433
138058514
1195605817011179520
1078906342922833927
1131054659068579840
1115565868329472001
167260673
1130515399714283520
1141219935500169218
2498252414
244900353
973525452072435712
1192616412285521920
550218376
76094462
1178837642999291904
36755164
2912900022
4519819733
2763166921
279944907
203846347
3085432903
1193346551718043648
1193170416841478146
1172545152432267264
35778825
72522626
971295114
1164216991063916545
1139627221339926528
4179604752
3346172122
1165140660313182208
159913609
168003522
935528916101615616
1077317371
919831551944380416
1093166509566844928
1078520689663995910
72589345
731712719250853889
1181896912942841858
1643064002
528066174
1109726435319664640
4401534734
2439673549
3014467699
1143910242016620544
1069927427881623552
1061238757490286592
894150597259034624
1184432761634840577
1131727976071159810
14435073
1037373319
1181520076148596737
472950552
713586903153414144
1185964837056081920
1185203051038031872
881376333783158784
399760498
2423553992
2805478146
1185536743358914560
1185767717938188295
763068087180533760
57512343
95532774
1185652177731108864
1172628949752516608
72097943
1185476808692682753
457436381
313052080
1003042280830357505
1078983011217993728
1179417276556034048
925013338186121221
1183398556796801024
892995073
1021727051580166144
267546679
35772720
78551726
176787579
877446607750348800
349441601
3681922278
872234021190643712
705961207904104449
125107683
1183961412030337025
1125202262
1056071767859576832
814566851799752705
1090072844237590528
193600868
3544083801
989629560722468864
267157278
1180039083948572672
2791541405
38114709
1171936986266918913
40215737
41527770
1168944617598988291
1167434148182724614
275304799
280083025
1085369512982126597
1178955078268411904
1336744448
287595135
1169048939737374721
1177952004309581824
599099054
829303398122057731
1170415770624495617
973238573825589249
565052696
971708424487653376
2870122814
1172843125578063872
1172837096744030209
562973508
16546081
1155723830666682373
939958176417566726
1170157636290895873
920036610
133331118
880454160281423875
1153657595237998594
192030859
1111840324710600704
14367563
1159040402642616322
36947132
1166329249529257984
859623468966580230
4696094168
1149279894901153792
1021746648526061569
1139049917178007553
1164743120677822464
873914823226015746
1095733317926879232
795592906891358209
930385449230540801
1127182358682185728
36328499
1154103898132684800
2856573690
1160338356212862977
554480092
1258713157
1148849651518328832
625700407
1121797862059200514
1073892925
72918135
1158270757597863936
917810282822373376
1151730083243028480
877200759661543426
3317646968
37907960
961594693015412736
3314004481
1155638131778973697
2338345412
3124291928
93437931
1154432052164464647
53705941
1927067148
1605495637
1152991925416288256
2901282728
3170775529
1152897583808831488
144880290
871724557052203009
446792858
2905933932
936593287
1149596315728220161
2989804779
264558980
1038328023785717763
81010860
868003473475817472
740687306940551168
1126374121854529536
1143403898843074561
1019194147591282688
927139609389043712
775976019287158784
1140508611119992832
910671891580452865
343238968
1130586313978204160
3112312336
166143791
1080751733087694849
961249545723117569
879692861188354048
2485394480
1138767934203891712
3310207237
456366343
316991187
1136055528273133569
399513653
1121905777223110656
1126912404703543296
1132076591717277697
1132091199567699968
581586534
248260003
1098453927844995072
1117748674090504195
144544739
711844276569681920
1110788852032036864
1114526685045710848
505435912
41081593
423489864
196291722
20916460
956117142465859584
1564524966
1126400530090209280
794210340414353408
941692210050772992
2164908979
2268300996
1123444766736302081
1112714182514888704
763293175985213440
907703138127421442
1123025443425120256
3388829291
3005035842
1199344182
1086671425400754176
864860420850372608
1123096803170066434
1103606150891749376
4890314865
2884783834
128447019
1094705203008352256
1057569876733243392
1116516489295613954
856421802754560000
1014122093892513793
637337926
198509781
1115270948326973445
1092945803168137216
1114141675486699522
906484631775715328
2692371761
925048867
1113075820665290752
1071984704314724352
713971841480531968
1645822562
627000655
589124510
1075599808872628224
990343730610786305
2576599662
2174044324
1097957958103851009
941284825905774592
442730217
1104652389116608512
131150919
935156852798525440
1106018001675902982
50844555
1102465863612026880
1102492443360911365
1026334663160356865
3046781455
1102950182772076549
1032844180148482048
1094961820148756481
1101858060979527681
1055317798077919233
1053997094690799616
2460842317
62195895
102730094
826385486520471554
990783522
1032097286057148416
200421282
1098632542142517249
381594049
941558440773615616
44531657
1066581436524679168
1243962625
1052768760191279104
1095789183896113153
760823129598025728
284435953
1093549816787947521
24697509
325965373
919903315638571009
4374523872
986859180291010561
38618087
1090238828319657984
1046659990944194566
1037247811371249664
1085546069742751744
1087767416564789248
1087388020393668609
126896114
948326019529719808
1086643276738777089
175789552
1085392142720217094
836025188101701633
1969512792
2749362007
63771598
938172432816443392
1080506228604694528
335697632
1597649576
1082221394774106112
1079269948768235520
944572508669227008
1080388531896250368
3190300138
703803554188820480
989165808797413376
1224313376
961559628139188224
3162372560
405303779
339861675
981707632095330304
258783253
988213122
1374089533
1074308306200494081
1015079970828218368
820271368470003712
566269074
2574822005
38089369
1074191416513810432
1060842623089303552
1004924899201171456
1058019443014557696
1066962218158313472
1069294357944180736
1069262996042592256
1303325546
1067966706792849408
993070530935767040
888726693564882944
343464115
36083059
2502260934
1060842683130933248
1060183779346731009
791787051901333505
905285127613415424
853955171306553344
85348562
996464393696116736
966618757371125760
904765195465003008
1059451886485438467
10313032
907799688
1056497248941547521
3096816685
1055097209916547072
1000101516286550016
91604963
1003825855984877568
92155693
1052384152987684864
747408368965296128
437608586
3151000501
1050365708230488064
629108854
998460382502047744
1050308645085474816
162007773
483772065
1048109809872949249
357653813
992318818625060864
979617817287909377
129041296
763409343966482432
1042770809897406464
1045382194133389312
1044932360930648066
1025282542675668992
1044406029939666950
984368196579803136
990110610854559745
1033791125583089664
893750971
15893512
1022488025421500417
249039395
3490782977
1034097009098141696
184886542
1038122017239707649
1029353406073397249
870616979115302912
750666220035252224
1012269077744771072
456168902
1034750004529954816
352536967
1032397714930184193
22117170
2475603151
1035550538786594817
801313954316349440
98127711
771880000844816384
410805973
1030334624273031168
1034346933047836672
4251564193
1033686228309364737
603926660
1031937718677323777
55497616
88890183
1021359915997323265
997861009086992384
1031500897615060993
1004255578426753024
3263708414
3069600372
1277572488
874663170312241153
21631645
977410798728433664
89536734
1028000982355984384
3012318888
1008400947586969601
93406233
1014117066851303426
77352712
997452947305844737
1024964031407251456
12744752
19114364
587026969
839199260696580102
2773997077
1020590926589292544
330979058
994138768171982848
1009789625609539584
119256973
1016864785143513088
3225000417
1018147616750645248
981734259005079552
1016623392663801858
1013954902513446912
400423877
1014598373150810112
2472549816
781933276407607296
92352409
472788179
749984015319310336
842224568999763968
2277683723
1009286806645268481
914514891205201920
1008125899999535106
3221361006
473343492
1006407053030518785
1006124277911949312
1004884804675014661
1005964206569639945
4040845573
999555657366781952
924591873301266432
4653783556
217496649
986788200478793729
974100310196076544
998892494208360449
3240149484
822968799334834180
134125791
991293150772654080
18942069
884325563866820608
314626614
997424804364861440
192488142
987909752062492673
1157956711
179394651
931344541315096576
970713216639647744
206997546
924294912736034816
994507512354295809
109290709
109888546
995303623474069504
62246590
217508176
979454780689952768
975364470078816256
189827122
209215861
493002084
112182222
2538539954
933785079108612097
101816040
710092124407111680
65617859
2974991268
885355031926460417
595872092
80637682
932856151409954817
54114789
983730373837307904
2172739978
68166942
259982093
444822526
131806509
356208887
1461382848
979206364277993473
898210116436021250
2853627436
976110418019037186
4788673397
2229632408
981277975558737927
981788301223866368
976070513289146368
981117346168254464
980879781586649088
609008493
104358108
1422348882
919276745575895040
569831429
978295244037922818
861914476123234304
839587875201118215
324988769
46191179
9621762
919062744216649729
733948306565402629
853956363474665472
296107780
961939184473620481
959607126070054914
964133080897224710
875284830535131136
704672583388569600
138707809
182194049
98907867
380922776
1648930880
292622873
974198182094647296
4611512433
2977817225
973528380413915136
973517443539730432
951410287013277696
85761781
2368588778
2975588804
3299512822
965873609959813120
940175436683804672
833496349
1588224883
968148268306784256
894471113446637568
912531139297812482
840398407915122689
1246287475
833850529235087360
62221434
966979661703004161
966872287210233858
1505344525
965537759480881152
820801295506403329
964681632719319041
854660720956461056
708317893847429120
2712314847
29532887
930329532611018752
960754474343018496
538835586
1513386252
867531958108258305
958539833579790337
3498249979
913231093477920769
951944761505611776
485661244
162942148
869771409492398080
294668092
379624635
761500979942481920
1203174493
32910308
3300774172
76577609
2835782112
484724670
309562223
889304817537044481
75499977
3214493374
71569978
2849504536
1209759278
950391641902206976
2446342038
135715667
769190054774370304
933692936880922624
534682119
935533535372369920
774231551252975616
947416390171967489
818775434208780288
745082988472467456
943099874953781248
941103614843432960
37406474
68955441
2855673571
24867770
255247589
936482519171588097
47874628
1102501572
939210965362634752
1522117448
2848984302
2998779414
923002820525039617
562536044
885448948894138368
933689162858872832
151414523
455817240
930584864000155649
273276506
920270736794759168
931081833357434880
858462785424023552
827181855808036865
918667608857047042
879779391638609920
917152772147105793
259539968
899159560501383168
303616060
719323711
914537724106952704
2430905582
899675987994193921
179458080
18235480
925731868581883904
290286562
191839626
97501938
3016331277
32334442
923053500350828544
774189996
922406938230394881
22631281
152170331
918282889644580865
917176362603044864
904118612285243392
779623483
867321606007345152
915217541923868672
908612831007797248
846733063161729025
3019954050
183962023
117120329
893667125730185216
4639631235
915345854747123712
914786191509041152
914745540457500673
45441979
2496297876
4554054013
20891185
2486773164
898669046014631936
710661579209990144
380366549
898760941952581634
903200096002523136
866532322052526080
896397880298053632
2865103905
740585981699592192
2230188364
902210218506952704
230655698
909834627669299200
797406916490035201
51390588
113064911
836755607306719232
486985461
371285302
3196610893
905853479087955969
3143756993
857740573720981505
902251568388464642
1607553048
2177960040
889646734678384640
847576634202902528
905412604021100544
86513295
905254520300625920
841625261892345858
3553600512
893115914220163074
903744216819527681
856472203075956736
36091500
216945826
148739452
890582984587345924
884275610213687297
1956529758
2188052952
25646758
897731762314514432
226529866
895878176462602241
701337323384885248
895224043674062848
714419984
898344662875856896
876725561246195713
898115424935591936
475249632
2608927740
59072662
3995246721
2596867493
869580113146294272
3437525079
979313670
75759398
878051173009207297
95844060
883953600749121536
68148479
859729567791013888
111292531
880285224017383425
850693812280283137
2429843682
194976944
960336631
765470705852882944
882303487412805632
587695822
884127841511763970
235489220
873783900329390080
1025928984
871985215379570688
377773221
834333511045804032
873466659104632832
776006718018945024
879556175406276608
861519016329756673
872723700642045954
859930629390991360
76352746
168991570
445083345
172707991
793155667129409537
3755165237
393285685
874156291756670976
851997430182584320
45227138
721616914443825152
60386527
2696911722
476779445
2708748522
770193725175762944
845214797532663808
412832325
547684178
3290111945
874295091791241216
3247399383
629166281
1262127888
57595636
809927190469025796
329795557
318416078
352593795
3323581993
17703226
164211388
848491175665295360
204185000
109771167
2312200218
841473418700636162
3998927714
831080306513891328
712645236
298114360
3224379855
111459617
787649703957688320
850558726436081665
2438199164
70394254
861796429471260672
4871297811
70015463
860722812641624064
801261515953184769
618442562
3242932447
856170366867296257
112455619
848787847725416448
3244132528
834422282185498625
4294530795
17853438
805708757263060993
817000102409572354
2313701666
853617574193631233
853129666147737601
712161360910491648
821718911456608256
715851867444666372
3135502676
1453612297
883520076
3247553851
844559293135314944
304242314
1142333346
148445978
839888628889219072
705939659956695040
1562128388
52265148
625293650
811416052961710080
445522148
826824404675895296
842287446284886017
4728980473
613953814
747317694
779400047616151552
4134481493
43469738
862735524
312450348
729895432063586304
816440350591979521
838810454541619201
721737904775643137
2570496217
4218088456
837536313960095744
243199773
837230479753388032
833643420929232896
2803564788
334667309
835656245709152256
834083791450681345
834083064489861124
834007954894516224
333821765
833409152336556032
833415183590580225
829415037580111872
4642900651
702704347973419009
830837728182833153
828178637916618752
725695919979646976
321771038
2182189567
821591894840999936
824928503237799936
81898164
740509532074311680
176016024
825514695394091008
717032900898766848
705073555541721092
4765429096
812588960199249920
54346331
283331765
610811453
189048751
814657067919118337
782998520961708033
798412140591906816
4397382993
823002783347605504
821307766241271808
3296210343
807866528091619329
822331902124236801
3299102594
822217353102585856
809294029816885248
2153392866
801042162745896961
2808684293
787207820
412087138
11215382
805495717934592000
3712139357
816765846538383360
780995958297489408
767615305619210240
3349485477
819124751956221954
746272976421588992
627048980
819288843056807936
815873043054542848
4777334475
4782429452
818900056602513408
18253947
748360065632112640
715783208265244672
739455096275144704
714865944095498240
374495985
716191276316528640
610046640
480140796
4575832418
213371936
2778136375
2176407242
2393800544
816412934817644545
1217222576
815896300717768705
387125709
815653764606500864
110346561
19990479
801369450863857664
1037813760
706222921023291394
3172679490
176119795
813480573276745728
1316977484
624695109
756543888110686208
369227731
811632789648982016
811120795527233536
3007807702
811197956476964864
703843805884055552
1359191665
797264765487722496
3127764478
793129910596501505
2936087642
806732760949764096
808725842511675395
762821708185214976
3101005901
494181260
57613953
204337678
747875463922618368
787579232578703360
3229971210
1098697627
4812977248
14821181
531542483
808656433193463809
123732888
803719675645300736
2330586427
2879110915
806418595978899460
2302700923
2668224469
38027006
806820082311495680
26243580
806479987809271808
2621123947
120162217
4853833771
49588583
2732753332
146527983
802340696921210880
2232935684
804657114073493504
577204126
3363861839
804245167452454912
2304390607
337064805
443724125
3225061022
3301278146
773568269248819200
875908267
4928217370
363140193
3289515901
605279638
772050212114366464
3091257405
2569119822
2333440647
771200018724163584
782835118167629824
793715198880210944
4859227279
736621900806402048
778712575504560129
4842526662
797162798702673921
98405838
23988532
4332340643
3937097961
798102017583419392
930673464
3088712581
772859324527968256
133892831
2358559262
323650034
4795719376
565529039
796696899810160640
729530582091243520
206550623
964928582
336325435
4909710514
1199521448
2199408932
759947232434978817
792579978676342784
91830014
791346084429729792
794100712783261697
221057244
4793457795
260291125
568908715
791568781315280897
1497959534
791550672676151297
77200952
383336063
786454161768316928
314651914
120133032
26548315
788934748089544706
2943567560
783979145185333248
99927062
21645646
971853985
3387379883
785852703738105857
776300047411531777
720599662558908417
737581122347880448
60015189
1935658968
472721150
829834021
715888232467025921
490256290
986806556
786397372905435136
536091053
202543937
3178170456
3943936037
2331630697
771201527352393729
914655492
389165395
2882833309
722302107622121473
1627653098
4369528937
757488408469999616
74438629
57985525
704000733109198848
56328067
777244020410032129
780258576388325376
61515271
103604905
70540967
46714186
973931030
521769347
775785736649842688
781148524121583616
2199330120
81484701
25019663
780323492067618816
495707366
767611663986020352
2584852939
779215757683126272
21085287
2294206981
71830095
778536781981421568
290759557
293397381
148350194
4020201434
216647086
56261570
771546843939352576
927876252
2896853576
3168316571
773525486794371072
760591553018540032
183124223
752487114621718528
291597557
2884488648
515333667
1094336880
48667259
762314945958555648
96672006
1555293468
771263027114946560
4829186145
194597196
35064798
4638315253
988849142
1688661403
718097212907978753
765220809577074689
765476428821344256
738967584553488384
461797841
712272602325057537
3987071116
2665440727
303286672
747532461077258240
768772724084776960
4062927313
4835428057
2516533201
401037049
2881414815
1428112670
764327456215961602
752897299186155520
3319818728
756319852126728192
89897189
401573940
3603966916
328363967
436376204
767011928719831041
220378035
731021433552265217
258955203
3315414714
4881887685
4881714063
30408217
603588908
47904096
721922031659266050
2579853987
76577922
3104228294
28327342
79620375
751360963337564160
764383254958972928
757437979560476672
761808220381777921
157476726
261704731
701654471735029760
737680373681917953
757543664360890368
2299871350
1288272212
3308721246
2687175206
757797493769764864
762556355823755264
22237689
398558638
762874489801625600
2958877003
4627083434
3171396616
395869771
78908820
3359164873
862358940
757129415008542720
2585383554
4533989348
816506792
759807072611340289
577368032
720953173557379073
700586038062768128
2889383348
755527144789377024
1440123036
766533942
707033214204796930
754404814763782144
750825675397836801
756583131612930051
1387357351
756265577484652544
3018560430
755005082576584705
713240896
16294568
1536662820
185976775
2499455078
514401740
244552477
753919907348246528
542536610
4811202450
753325301287964672
753631720298074112
133373954
216586780
2262638946
4832555259
1655815326
205758223
3222091428
750424314655154176
3161025553
203534148
729122742998552576
47896880
750311725631692800
4706537672
734699237724721153
2957222847
747982539218837505
474507712
2841050143
747388994086969344
730227625906442241
917970324
3664821914
714606827023912961
2844757065
4890085224
742599664571015168
2880450434
156087366
2938838522
737956766739103744
3037646592
740415228702265344
741906303375773696
745108714290450432
743771916754886656
3269601128
2330635772
700535536642088963
1625014610
744398677108629504
741179694511333377
30935361
88179235
744150037588905984
1261261272
739735542150135808
740918657279270914
744648590363103233
721781655577485312
703177281800433664
742677180677640192
4834016939
724904859279982592
174267595
521072259
1199574565
2962795841
720526132320321536
744359000737619972
737054630258053120
743194903845404672
719355507006447621
3086043181
739837681501249537
311081918
739006068236406784
714888776
293510811
245925238
735665529684299776
742698772233388032
734205014495744000
743021268023148544
4894237873
742997831133335553
743291419339612161
1629078894
742070462511976448
703694551203057666
4908411244
3254817570
4447681994
742866816528207877
740628897365143553
3154279712
738557661717929984
742900786049474560
739348701668347904
4143187096
716732181532508160
4060307866
736812139491545089
2375500388
2962552920
3389091070
724276019818074113
742548501326766080
732856505221840900
4888238064
720824811933401088
742171773408563200
738823921584230401
736703967988584448
708323349756116993
732019908393992197
714605907129344000
742099678653730820
388524479
722098340104540160
741169138622734336
4661401453
704975945950744576
741093195245834240
741116115082989568
740956678678405120
213823700
18940899
4831801190
4149612494
2262165936
75793535
740310805200134144
4727167640
736221723029340160
740475251595743232
2522077858
3067658711
740085878551285760
1272832069
705377994613911552
61940552
23984173
709684381187579904
737905703025807361
3391888222
727484130166988800
180533033
2798890730
14542629
4859155407
734573866438275072
432507690
128570196
736968071819104257
721685496334721024
705263056146706432
739237288186634241
2413408592
1469466379
742653181
369361425
738921839599181825
738107820088954882
2853796874
2831917729
738989197260771328
443657643
737793853617504256
4830987125
734407578877190145
733062153696055296
738508763544555520
4832558436
738425939357499393
608922608
737733239264022528
729735685079343104
738505636841820160
400187564
472991183
375371321
2850429058
279817914
716258041
715621125829627904
247707188
20072945
55580355
1474072338
77417571
733120738585153536
4838812760
737501980885557248
735733053792747520
370750401
737416688077930496
3976689374
736861111543156737
736457342716248064
3830699834
306209862
731342890853498880
2855319554
2343979079
3720888629
732667118458679301
4722493693
715322511630733312
704392674409897988
734465489309564928
735983522020745216
716217047714234369
711825855710949376
734290727174344704
727438156140695552
734998858577682432
461267931
2706007969
732064832673841152
736574763091513345
735983375190724608
2360737419
731012598272020480
2821270245
736269499817660417
2379210030
735718583108407296
735885424648937472
720998420299821056
735852874966654981
734379300627980293
701974903218708481
501163289
736300463121956864
733638326373208064
734008744867024896
3259584889
736094613371375617
732490709790425089
735428467328585729
735666341248565248
735135957364662272
4918899162
3400158040
4577639115
735464350748577799
732502745840680960
711971383744569345
4872148073
730910997968347136
4838629024
724371624246517761
3390435454
734820853930725376
4020813014
40835827
4689231662
4166518175
722268815636111360
2259535579
703873256667914241
927901381
186492720
4846378288
733679453801484289
734402085760831488
724715362898612224
2591022086
123906431
601352536
733336578412687360
139436375
4741815868
4136246714
730256940597530626
2495801233
733084317145006080
222337267
724552083710566401
1012107793
732777193860927488
728819859858018304
1134337759
808092571
706993462604910592
730770231300395008
731197565975339009
3001951371
409215393
1687698703
728869090870185984
27623910
2173293140
4742334612
4126010893
147885195
725966526323417088
716173544237965312
728590126901800960
156982768
863070715
358615611
109457970
726138207776165888
2166714445
1126036057
34440981
4529678162
441532336
21561701
992759557
4767282615
1352514409
747117152
1188486085
713542325503283200
4848937782
149503480
141750225
1609583162
54747537
1520528834
593540300
3144809646
4631746332
718242397268873216
718457567505043456
3319696383
4726553354
723799250019065856
591494216
4748917597
722900069897228288
359400526
326056052
805665097
186140876
598349152
401199814
184392048
719440505092907008
17014993
78507512
711804703307210752
716422151469793280
2982323388
4913551633
179464976
714711925716873218
2436153020
1474017955
2849363837
2933027678
2355074510
708615584695476225
310599873
709389624720891904
2892374278
2532979952
909835244
211786722
156006437
1061015155
165509498
2596333806
2412240102
295641947
712183457175175169
4849354209
711898160499728384
708274832492761088
964526918
1440046272
2960501938
2389499796
1157315071
442112437
709286977930010624
111608150
3294730380
3821543834
706734526202933248
699564852096819200
3092706789
3231313340
14468220
3130630146
701848669398634496
705353188602413057
705355938300096512
197473462
39714103
169751392
2810128332
244481564
823099514
2924397127
703172795388162048
2821319698
403363465
760202910
4909491550
697033701331316738
473616576
847666765
43029102
747229542
209476999
350284546
701397055135068160
4881654034
4923234251
2783062717
1061419387
4922691630
4899965894
4923869572
2996462974
4176403934
4907877612
558688780
2966213440
65875922
698399626668290048
696642522324533248
4838560133
4900321573
278892049
2538017504
4883606959
3066919138
4877068048
1411920438
4792103330
2953656680
4832243472
489800876
267802571
4766690912
4851428423
3436513167
73573188
3297478971
4801034772
4591155161
3270854527
1705449685
4782543032
4466211078
2774239083
4819942367
4817682185
23607778
4809607997
4219613302
539865648
95094897
233576197
2946818977
3245598283
34938082
3301399869
4188201509
4274267185
114259282
2656810298
4711301559
576935782
3076043084
4690619766
2928570702
4663535961
3437158472
357719206
4310516653
3943405032
547382596
4642357470
574025705
3437885953
4474756215
1117380068
4566587178
4622309810
2329404654
4339282337
4160628912
1223221656
4567338674
2270104482
232621820
17891132
4496660251
4548710114
3155806530
2454179179
1337460625
4425241647
4405455827
2243015888
2810146159
2564798419
252937043
62595441
403428956
3600855434
3236537190
4428284240
3348625875
417625764
2643553178
239769510
68360592
2408478987
106934658
1174892456
714380282
589181833
3633470834
4157071943
528235268
4252871117
2281930346
3031164398
905204754
2584217948
137864578
1263854479
4203039500
3668414354
454645641
2372327102
4086251099
4185240679
490604683
3819916212
4088653872
2854639538
4151276952
2288062370
2486634632
4099291606
77736732
3149957936
4086245179
54417455
562650858
64188946
146026450
4037010854
55478912
340290439
17630336
3024469669
3804319692
3974451372
3956269934
3994202699
3487791794
100751034
3923878574
2174466631
3874396092
3522036018
2425206247
3062054052
30678940
68162327
3053662551
226143595
3916190428
1038343052
399855980
63796828
3293177971
2213840336
3801033133
47002981
3269751936
3345986894
2781082243
3474260419
287608385
175690948
415198046
570509531
856568412
156170590
3671862132
1417458174
3659894833
3308286946
3021909901
1683341119
244578385
65720382
1899193111
2742051558
59664945
65091064
402725232
419888806
66304681
2535396472
197209883
2922663194
2900705834
3310604067
3559773435
283824143
825093182
3281425981
3428252173
130077186
3524216903
2369755421
3404376734
3289028298
3315238099
1486556845
3324452365
2845123950
61184977
2457789487
62744426
26483539
2579994355
2863105037
1374606877
2359874340
2745716468
2371814773
3140822727
3427683479
3317367074
109932488
576954666
866429083
260168515
2506473625
2887749488
3310670690
3051577705
3253672556
3306643556
184777678
2233254837
2669546124
3242938855
61765130
329638720
990744786
3233472980
3225052706
2460576264
44378969
89476643
3228400128
3089808672
3144518052
95849782
2439590040
769453399
2544841532
2942571507
3284763422
1893046879
2160162950
66104647
146872134
3229529119
32293830
3286190310
3011485441
67587418
27557776
1704176389
309690978
28759446
3248485410
3281440592
3332352551
48681332
3369416608
3277308684
3345886312
1505022571
196503991
3273448580
3354822141
3272507994
133218414
48639237
21071383
3269540550
3249320311
102650224
2214139232
3227852916
740492006
3252509767
1492553292
3251868206
108978433
588288279
2942812933
3256409144
1403683482
3192159007
911601913
3322745062
2211288643
2915909888
2950011582
3250513128
112867890
325082429
153976706
3239740926
2882327201
60957436
2922644412
81806552
1645264254
810346776
2522724680
3313514620
3191742150
1617734689
1018124162
3188736043
70627967
839285538
3226092212
78834159
261249836
3294555473
368846429
70393218
631893914
1435245788
125673335
3290251630
122164221
3200287958
75262251
507933679
3151975125
3159476599
3198689584
3194602068
2833017006
407818052
32270028
997689254
3009444728
3140132712
3179558678
3188955404
3059562036
188303634
485393354
1478917436
3186207415
3043398476
2523409748
3012835411
44909105
3232921257
3182514265
943516374
852983346
20836903
27403907
262523430
3198991773
2461835317
3163692680
1512967446
2998436466
2920557998
55982545
60037279
122595044
2269055612
217342503
2842037855
803365566
2754398263
3096458803
1437167707
2396382992
246831923
268249010
44844666
452960676
61927794
2840783304
31353220
165411736
59825461
2891468653
427052843
2753790608
3159576775
2892592179
175716484
48765772
2893771934
269643594
48726258
3159840852
26437024
2786943797
2862490963
1411875775
3145134476
2622290431
2206391622
205530535
1459895677
21360154
48247125
3115691204
286727365
34301233
129286225
2594950214
568256190
3129648793
3106702705
2548704956
1201210440
2410984472
2831782555
634416166
148973963
3124865157
3112619347
38365393
3121427902
70137863
1227349392
3102061628
1733978276
89334827
2438471336
270663665
451975981
1060671570
288307349
58448134
351556138
603454101
529158452
462589891
3089420020
3091468493
36030884
483536317
2988579304
473913758
405455750
3089169967
199631116
2479841900
244103042
2248643797
2984257080
709202538
1358979823
2599957458
167370564
256838560
13813182
3060890303
147877869
402942662
573511668
483002162
2763881255
364705088
3071744809
3040785235
52716331
1062448639
3073644221
3061002848
3061381255
447392242
2787506930
3052816302
515067092
3049270573
315838049
61709756
515183478
1195584234
2986125291
1063812294
3000857343
214608361
3016184300
3039434689
320363529
7923182
2453438695
3034003938
3044927710
3030535038
2758190768
3022165728
1489657249
165300042
2930232062
3023702576
434053267
2834210852
134576897
918484022
2482687801
3032350852
1556704418
268243278
872616500
1326004074
2287586826
850649300
3011150496
52338337
265027946
2236427180
2985627379
3008746866
2299142502
2321901055
255413103
2996952169
220269741
2312892127
374428058
2989338238
31142746
17394507
2755106733
2787709536
2903212520
2980679764
348347917
118140793
2960047312
2979598569
2982048691
242560624
1132877088
32338045
2848681687
2969638980
203116623
455607710
927397460
2958012968
810976753
2959952521
2918688823
2583725882
567592738
2381296201
609758551
2953301754
2950311919
2950803560
80506281
2949957950
1692598681
220870680
19135143
2940419641
2482264207
284085405
1970534197
2781534000
109825960
95372739
1705065469
2902772102
2341351668
2927476724
468991866
1977585084
272634149
21343873
2921070474
2193562440
763343762
2926679789
2922871553
2924425599
2923636949
244527492
2919495086
1103942348
2929017102
2907821667
2912069952
2841567081
303631801
2922926450
599069449
142313021
971068362
151031530
287163619
2870250253
14059033
2672277738
437073320
436512156
2916382794
2594750341
46869773
387389753
2656267118
2714331283
92624454
924625147
253012473
2908097220
40844960
2831036208
2866567157
178923703
2183608583
2556651018
262651158
2309118912
2903419682
327441900
50348976
2860770479
2477601878
2899339812
2798249521
2897176070
628211607
89417513
2872846984
2483303492
2896186346
1699908884
2823537145
1021206600
2853206888
2778299386
138087213
1331961890
2768622984
291915691
2390460366
326235586
2851607438
2436944985
2656295940
347232782
2878547708
2871074174
260643466
47456979
2794836458
50916247
2833701805
2168777338
2852128524
44530255
2528162693
2799057750
2409037855
2494923912
2855189120
124896390
2773368438
1929293358
2425712234
34545592
1476336678
2362474129
2257434662
2508162042
999083532
2829253838
2848199040
41553086
2437782277
2845918920
34984883
2678773910
2791515683
569977271
2545604761
2838030788
2294712949
1883694751
2754567884
591030649
1397045173
2603182207
2829543241
978279944
1368824856
301372334
2775826922
1533744426
2765751680
35490334
2816731178
2417500878
270118379
2813010085
2801125590
933849194
2812427503
771187363
2355991266
2253681794
2799612824
777897960
397871503
169904636
350519561
2799271638
2427829801
2696927461
248152511
95595271
944987785
2489471222
2685473346
2518672165
1080098910
1527152922
440787478
2773764644
2392286124
309039917
61517900
2777318082
202502047
1487934776
2766996024
1913792281
2762056976
1214458219
2748419838
199100650
337754748
2716054285
1616160356
2598504930
1938285602
2741595199
2741238056
2725662942
87677664
353580520
2694346570
2742105177
1692731503
2724383186
15498642
2506685612
343877683
41157616
2714091188
223018548
33402160
61704260
488242027
429776801
79945250
282456500
363530187
861529100
2534963790
2701185822
50205528
2472356928
188795159
1701305844
2690404124
2421692228
484107584
252008205
2683915878
225164352
2443298330
712141652
2234473435
43295464
134899172
2490594042
32743745
235464799
31274157
2647767668
2656245428
47610025
630090469
2268698742
229148816
320208475
1121399659
1195272541
2635795436
1547533057
274885639
230731714
2614995756
2673516214
872724746
2609377236
2596371024
47534891
265072706
19532211
23571256
707326406
2450627048
2603499570
2628128554
363117707
1382188555
2599144820
2598246853
2545290637
38860241
2594606220
2587108550
2556499237
50573737
2585674189
309859885
2529095498
2582706624
359038566
2580769579
2578996796
247952824
2572540010
493035038
80440861
765191240
2245452396
2574142260
22363056
986122160
27583806
39254546
796070106
244420322
1903958766
2557136522
1519597778
2440579463
2549402040
520050872
130823895
2542763641
22431691
2336314915
480337207
2510813142
56034729
2331800646
2532557630
834986852
161904644
522530134
1425708439
83210662
1420316070
2515665986
15281579
414003740
1611076340
322862199
2467326890
1471778894
2497248475
2475071396
2445482935
2491592172
2490586838
2485197051
246772753
160509447
1378811497
730479895
2478470286
2481762708
2478016279
2473397462
2452325185
2450717118
225095970
472879358
2478630156
2456618108
594336805
251039586
231825635
2250632445
1534786790
2454191070
2457728918
2473261224
2371575686
433869771
340574650
2397808462
151402793
103251336
2462678096
2249781902
419110472
70302573
2463281418
2281594788
2441684580
357535949
606923238
219883724
798114444
82314621
31708240
556986624
487972105
1041599293
50140745
1455845600
1673358145
505436540
266653930
2449317512
1118245272
624866093
390139949
232470475
327283468
2443632571
48555405
1642192056
2392211054
982315676
298470471
2435015034
2426673404
137959229
2421571429
2418314593
1968522427
43416735
2420282797
118219163
1572009492
2415285162
1091530297
744701820
583746820
465171016
2371412540
2243367565
2411304522
18589945
786503048
1535376134
106011903
388596509
2399991384
2399788698
2204729108
302511715
2399278136
85975498
2395663890
308294980
43870535
2364050508
340671019
2392144196
52107009
582110183
169356383
394093942
938530106
2383527847
237017504
2370526856
2398932046
881661025
288195679
2379813367
2356285876
70074185
439265212
2378354258
978844976
392619083
2376469166
99962206
2269612206
2361645644
2244700890
234136489
474319592
148543976
1679230508
74726684
377904211
54185242
1689719252
227183500
1610021100
45056633
296228005
1537887006
241983602
2354609784
2354467938
2317141885
1234923368
616751424
2348284988
574401956
56673885
99457426
408303976
115506038
2265462948
38225718
2340628242
184378671
2334605184
2330216430
295061347
2329596516
104769631
2292561901
2297954617
625633572
275437000
2326379695
2169393975
2325351912
1525503120
432015304
635199684
235090174
1975514215
271304671
1875065916
66032488
128922804
146760346
2279733980
2307764970
260724867
2306582323
76369179
2258290256
2299043642
299758044
297382951
2294994001
1533481194
533284989
327353550
2288908195
2288662483
1467184512
112054826
173149432
2236999560
2258879077
2196071234
2283163974
260458700
406260690
2281902692
1602517171
405321725
2272645976
1610599980
2274379308
1611929942
763316282
89738486
62484403
1649755980
151479007
525398771
395940569
163358642
195541913
235201552
494758772
128250275
2148748436
2265098090
302638166
35469189
418537026
2250491569
2258506896
329798072
1270549094
49923556
2257937546
395912554
130547821
997508808
2253337484
1013166348
408259606
2220742260
94867902
15557335
425054513
288563261
75072068
2247125208
171629950
160321413
79136717
900908378
102307890
2240652391
236660131
2238713540
2236440732
553522818
458226430
2190841147
113381592
253237340
569874266
2181116717
51681891
60865369
471232423
126618577
2230055946
2231121384
1552307191
770650952
2181202052
2229485922
335576903
1340987658
81600292
45328518
2218896847
55171582
568053369
2223262982
529231526
1643625103
593702690
2218587584
2217945547
2168728656
2216963808
1893030492
2213891888
98165928
125069520
194898626
408541457
2210062934
2209786502
181213724
2208430615
228038192
1369034508
1097243496
2208259592
872332771
75525408
21701421
105784334
1928924431
315146889
349529749
1962119936
430825754
1410184974
795344150
628261533
199088710
192795235
2201372472
2201239964
1554704894
1896889579
1235166218
2196622686
513952522
76599635
2172452983
1805523583
325885384
1684248198
2171130678
39224914
346057139
26969607
1869827172
116937824
91290656
210430089
207314403
35668627
1569474847
263656520
424618596
125076437
2195889553
28767106
2179399310
1902854431
1709379236
1605464533
1514100740
83358380
41604445
80447414
2164328299
557784533
1153226882
2179028223
1712759588
354170086
1071421
260689188
223476818
2187364580
61929602
387910011
781179992
1060554210
153716332
1483935336
260822050
137716125
562117543
545556520
58816049
283138717
24167750
170701462
44099900
517136960
306602058
1570517232
2178223362
42775265
102273980
21525316
165798186
30448319
1949078352
112824113
22717923
391225534
16469996
206659224
84911047
341052243
2183569945
1352680459
746864556
1862889018
1112509339
2174694722
189801233
2175154285
1122789356
978462672
1500052890
1382796158
2173994880
1508088752
1515483032
67258445
106427447
151277273
628525257
1963820468
211476075
700255172
44010405
2164394540
2166194424
2166033529
1917171541
1579032265
173766447
1198340712
395552824
411340802
1414821086
1945883444
7776142
594319229
1577147803
261565123
573172084
2152566745
1903581750
2150015672
554243855
258163894
1973324100
123234917
112900525
267694297
879505020
96518120
64797119
814806324
398600090
1245172206
234885203
27185763
1969098584
46092906
32391821
1647726482
869768280
68109492
1936480867
216626927
1246054249
1356401810
1881862243
1913861029
1560567714
30546421
1957982520
1916093983
269860631
1794064328
1199504240
1925932652
1700551854
1949635753
890358416
1540219662
301397157
548828046
434074600
299495672
1130898144
271248811
1343448139
521168398
346468145
544782256
1088778684
1927191480
1882686062
299566137
471824919
242941916
745645020
1916912557
1866765584
349044328
1899872696
1278188090
1870005684
244272686
32815054
1892038135
1855001065
1878308774
1890834265
1892568872
1743618888
1617558512
1634460192
1864710823
55472002
1878532945
1830894793
1107684031
94630606
1734068682
1622372106
443079707
1625980736
70441889
1850962435
1846852578
167662061
556803501
905348239
1860574267
1645156549
1856712703
96661954
1852105993
272088755
1322384232
367096314
18600744
253579991
304618229
1655589265
1025485674
1722041136
58095979
1693729327
875278610
1499542922
118124444
1427100655
27217983
1720881836
1716684780
1673848766
591723387
154520108
554082326
128059577
345272539
126938955
346036975
1316621587
377205510
184605689
1703995020
1659784111
1338462542
1621646652
1543051322
1445515434
1481642702
1636089012
17162704
1127334882
1336733696
200049112
549399633
1537155282
374423025
273859668
1695632894
60324568
276863919
397910280
1683993530
1657620956
87164593
1682285731
254982660
354033728
342801714
283044872
554438105
1677186914
1671865861
187455585
1291680895
1670175356
1670005778
526500901
819467034
88564543
606992150
619173127
1663831166
1310971111
220587938
1662627440
380554272
24886069
1028848254
1644438661
1033625587
31597936
102815935
1655308868
1320332480
25809790
537082079
310269444
1284615804
1484252767
437339223
307337644
123487422
1445665562
605163674
1628190259
1553278772
1646557387
763874244
58717021
324932249
1627924560
94926996
40916074
1642266085
1605582434
29127146
1318146535
1142762587
1542442734
434385552
1635098839
115869299
860452226
1621830541
1087742905
281100852
17839895
1625794021
1448555011
45128615
1624443823
1614820584
805035150
1620333457
1607818776
1597906520
1615382731
1612143000
1011298285
120683049
1119149448
90996118
1538871342
69249901
1540430756
366701233
1602697044
1601766973
1561982894
1600338980
135921602
1596177612
1203409939
977089152
871252580
194121500
26502669
66633699
1590457356
277473599
1569898332
1453023889
1535835446
1586494650
943516440
341504041
1470078780
1568619644
132175154
569834924
1104154094
86282634
1538238350
994218218
25411906
896437640
1576542834
864047766
37224368
38187692
1028589036
52461945
144866342
84859772
1414951099
1490937570
1391523301
1532598709
14581620
250464368
1561816465
153940116
1559259308
490325631
74194348
1556069942
1272349974
432468609
855861499
973366975
249650913
1481423358
1522193107
21174338
822549666
1402052828
1455614953
20898557
193861165
261464408
1479012380
1535538139
44106519
773004776
1521333396
1503918408
1139927522
1533077792
1363488224
162403800
1531129682
634975441
562825007
1512676314
713791002
1513566068
580683851
140899863
322737854
1520178805
813135535
328590163
417267828
1410107874
1512067302
1510168554
743845614
197352959
1481667199
168084204
381404812
1500331412
934921496
1470171139
1495998583
887495143
1496643559
383118925
1085834916
398708655
1489293170
1399465526
40925887
20222404
37419117
1076075221
1101552805
17677293
860351
174663605
69071839
598160750
1430066180
256022528
30894189
1469296622
212061107
46576397
227649811
1461951679
39635032
122048035
911417166
1460148121
202453204
373251782
592534950
97423552
58883246
1358433776
471974479
970213200
545741308
1070550836
449072238
1312605913
1444013245
1443159444
456481723
1040459684
23457580
293405113
223340086
1180949629
1432441777
1427859956
108650482
1424271468
462222271
1343886110
1422834013
340309681
780022021
1405312771
1051537286
1414161996
1034027174
1413000757
1412013870
1402734716
857403644
461880260
305508457
1039821282
1394492330
77133920
272736127
377212505
1393679592
257599517
1310737140
1384584787
1402338134
55603704
1401989102
752891082
462870004
1223682343
62826078
514555479
1347271928
28748346
75573876
1393879056
1390942076
1276704180
1388580228
298388951
1385317279
879573162
1365987578
1298958229
890919908
36868556
90326136
446521610
16440832
370016977
296654770
1373863238
755310384
576202771
272943261
48470015
624328989
204701066
607044250
211792449
1368658790
1122330475
1346541354
1359339644
1023854928
18344163
20998868
1278371804
196103744
1224225576
421035816
132474247
1297905896
1346109066
1351335044
70375302
395186677
1333994215
352201562
220925587
327539348
297962148
387283465
101520555
60640248
1227385790
1327635121
1337557616
50414668
1327478624
479596014
164933638
1324404456
1285916786
45456179
507098970
912450925
365523596
72237484
489192565
939099469
1298466024
1109265516
1311273968
1304486870
1308639019
1180647158
980512394
358761514
1279814683
1178560795
42856229
282961113
1299189774
1192993189
327534291
143304437
235716076
49168143
81666486
57972960
273958475
1261122368
172382984
625588683
712415576
752452519
709198357
224318243
436030244
1277655782
1264526905
1241169066
1276244702
145576593
1272242846
957270204
63894176
396274074
233557032
631932842
1251725065
139353128
835151443
101554625
14666323
1245903529
1182336020
299181310
294653463
1067570928
297928517
1252881420
1250418980
1029939751
306575226
100172522
545651504
805445
1242582553
40629217
1177818258
1239228277
535427168
213627742
1009061821
1234813508
840164846
1156140710
277540488
1204818960
571877439
1191402560
115624161
1202379666
1203295890
747534787
1201631066
398051866
143022525
1142272634
1197789668
306841662
107710630
1196022324
36612551
67511819
62280493
501156803
1132558020
1193854148
218519022
762910410
1000580352
1027917415
272740451
1184515002
859262424
480221482
281842837
297144930
1174471680
1126711122
118008727
1166740088
37627291
1160711534
1149432151
53015061
821923464
91917519
214922759
231018727
212980422
1149579823
55110938
586663513
476811827
1138112010
195715825
285587485
212073506
509107718
593448380
1128372853
128876400
1128618456
923338730
1128490142
528501148
320602259
53616322
11716532
61758052
268338162
1123949384
1098123031
137683982
41807639
480527653
1061570058
171804164
1114707955
566175417
277639786
603737499
179547937
36378123
239338167
1091584880
18352050
143438011
1029048006
1001509620
157244991
406550369
601064606
116369716
1007045756
1089650654
492233921
1086242875
871567314
1088280482
525464121
1087890914
786579163
630687666
631908629
44107797
1042001376
413258399
189492250
861082196
234713718
85778445
903405506
508583322
1021156856
202959946
261250313
1066069147
948586051
42815521
127987685
1063618296
970370948
58330161
252115457
1016801028
384885005
33801370
634242350
986190116
101012212
804037460
18896971
625357507
242635346
1044256898
1040488272
618850854
323927162
776282113
112997925
1036547288
48954451
1034093005
937775738
877487952
163594729
107455747
1004854909
888653491
1021499492
277811047
591638943
1022486186
482009114
102757563
187499617
231060446
1014982032
471736638
99056480
943139341
986416729
933409190
527049690
89395867
138418895
275978266
50363762
998477586
429690624
273537180
297998058
117780896
67011907
843945638
499914117
75013908
441928482
25051693
429680888
943134978
481042171
986990762
18336249
157638723
761818536
401291592
971252197
975930074
740026058
918399704
205972323
610502471
199176638
312946358
600106800
950208602
487337028
552622799
27329212
517638846
253013515
963821654
306618529
961582158
961562048
209126818
241216444
925666782
17110437
945403382
943511659
905544985
954907231
398096178
847086210
17781846
592039890
714907075
92572062
947527418
886738716
101171891
874751911
257064561
37196667
882984522
937374481
637087914
849552679
96072782
917207378
255488572
936415968
460901132
606994411
602698258
312558973
923659957
869403109
26199621
182210709
226911113
268373917
411998247
748560990
624483005
168065560
14554744
369480671
515181771
534682837
121793026
892298449
907167169
320707896
905715786
895815986
730190653
376719934
901308918
579546968
895073592
895045920
188853851
882593364
766965619
888666949
36544738
359348928
443422891
15449455
94531132
880638950
183156658
875154458
784107116
606133266
38165731
146146741
632651027
861836311
869520416
756339439
399693853
864756738
863899321
546542594
861445314
861482155
334007414
39704249
856874119
144801656
34560370
607374855
42617495
850447999
850246484
816792956
118269931
848563494
600029083
843119282
50229650
50248783
592397344
232388989
426271573
765788994
821660966
142473995
119878840
719893195
596992414
129755072
221479485
581959432
625378438
828472008
490148296
511552535
129253357
70053249
822798997
749038849
821412798
814932348
410607031
817325515
817261123
146204391
237792489
450326774
802430659
43886011
808081794
610013057
620968203
806538216
806220054
128013333
199370298
255163697
88631974
636647188
792610662
775433964
357990058
270871902
795751686
405613978
622704589
795864115
425764584
793341716
61282124
790653516
379130828
39694869
183808373
754059944
256812789
784914943
784744916
781768063
619869563
12153632
51769038
438329230
765668622
305037192
625471296
744558090
773374375
196093903
706440206
772946712
756725610
193839120
413262509
382443919
58852489
770739817
768706394
44874554
18099511
724029536
766050878
552583698
354910396
761833998
102057799
214571475
760112209
165538644
401199021
278642266
753470773
16083550
65673518
150183510
748510370
747964916
115383810
121269913
203468552
746591005
84013792
136897798
385797857
220628787
636649584
707835241
529252793
37892066
337535630
636153949
428094235
57809378
50596326
84983054
726292190
95036764
719983796
630369126
635694958
717559884
705076556
166649542
73342548
310503123
21664837
623375340
41479831
598921600
27405403
707374406
283968509
633802698
631943593
528175337
78835168
702193016
475917441
97253949
238132904
607350034
172725849
21205958
623686779
633318224
137343148
601490054
617357709
620997505
629856128
22125195
148930369
627864778
365484409
377158806
95372258
624609941
298945594
349425758
623349698
593844012
622693407
434690234
397120077
308302094
18706074
67970524
461610902
187761598
582620237
612770335
612622953
29213315
609865225
610595625
338101830
493773950
608968961
604271014
41810121
607380867
30304509
145356558
31379342
368138220
208628025
256161433
62773311
588464169
138708473
521100390
408449518
86009541
70549025
562054302
599863202
411627072
600640483
571345255
599471311
590162173
554143216
598070340
562060948
48363398
387836475
420314750
475912283
91481742
248572259
587202271
25502766
83395166
78592202
44835846
566842532
564348746
587144407
561224471
362131631
585771737
54226285
223149956
572352879
582406154
107725035
47985496
575049019
173126480
176590322
549917788
423340458
388187273
575932868
575390302
528859682
414595212
179042791
365212263
121058927
21634483
328899018
39506944
559903750
570516626
158926326
533304494
50264358
139020410
138259665
566377182
376577185
500978132
437605696
520448916
354182466
289250690
559692181
289833645
497801315
557415262
486437509
555031687
385414356
552576428
56558285
144402626
527721438
103811659
292165899
187485318
319470369
499626330
536205636
545717833
547763497
75328038
543182043
544046122
193946935
541722132
460920411
28738307
519542987
540628137
413603276
51906756
499904301
212874868
536140379
63991449
299753829
499399389
11929
533052501
143829459
481998789
147882298
323880248
273813193
280822502
507156910
525085404
525496085
507879698
67602809
80882572
334689269
237155256
519191943
78612832
292755632
10357862
187913352
183975793
456292239
20616683
443042305
517678721
205753136
516587103
514057979
459040666
501761985
465054911
508875822
312473396
144435000
508721678
500820824
385763837
436293930
380977578
451446061
501452851
153706307
496435447
495116389
280573509
302791866
182824206
488283294
479227217
480258602
438025088
224933547
191285567
277837456
482772562
483812767
483638646
249574524
482948850
475895674
14567528
481870112
481190982
468887503
210137549
414216638
145991520
475760518
480226025
424368411
477264293
475757966
475774437
119189335
473108381
35499447
21687305
470403306
470731904
155114599
59642523
459329477
468408382
444470117
459776597
366723369
29715406
177131095
465356612
372117571
249703395
14373849
90462386
396410241
257784932
215295681
461155282
407609238
459301840
121768753
31922220
43934006
29238908
219968474
369510563
383938650
435154106
453714409
201024864
229038960
451997187
415265205
20748449
449601038
257505626
305668187
115094386
278616323
389251365
377504585
438386579
341495969
403561754
112440412
409770114
19959557
84303719
437369443
437558067
430503400
439759663
181924307
280938458
234396632
431251482
427910302
66995338
419197208
49579969
58513673
176770429
432246407
429593526
430464550
151497152
73133082
107016227
125636363
22493154
86375651
428086301
221654226
426405628
99297881
147903447
87956222
167378491
41968874
420973830
323144635
371574704
326605188
381828598
222906649
383251282
412946067
21995814
414619667
133761595
34563904
408369364
412019979
86701136
365935199
16891831
380823962
409393231
140413224
401779622
399895973
398367196
15761601
390570597
315052086
41036221
395112087
12207042
54212041
394690832
15596729
381394131
291612412
333780528
387510318
131815691
356709112
337098573
370007396
28141538
386271355
385942146
316360109
325967077
112169900
367592637
380853335
65657437
60049095
383800356
262983851
279854155
371657288
277516149
21076932
382223441
326545091
303136381
379004638
377095496
377255995
301049922
361623399
76986800
372622198
353457994
66774077
368369006
295487285
147548332
333461872
110108488
240171246
209984669
328485273
191874385
362644400
56508274
362373842
145854900
357434701
27232283
123891738
31715812
101702617
48322750
21471548
345326885
353510154
322077933
333199200
351353166
47909104
334497540
14800669
317961158
303891781
23443853
324198976
105835989
341450302
241902253
152975564
218631038
39925665
274615494
106399826
97004997
28614550
272326816
147083080
326202186
51638701
181166524
283049972
47278201
48984467
19233560
319551667
312283023
318186356
224469889
153558412
40496495
312442627
199710482
251083138
116372796
311788618
222776826
310144646
120048802
53313552
142240103
307872563
204485123
306674020
305707906
301881304
301581828
305081885
277458150
104387805
303028268
302865453
20416902
166366292
123085146
169983515
282707867
64356533
98804584
113860708
25262159
52401917
128020293
236315030
294370674
291689257
277634235
92213483
197690309
226800627
179462633
38672972
64260461
79901565
187815882
99771620
17860680
115086688
195258439
287437093
225001471
262835937
284628066
284982825
284267857
282075760
281376301
71794986
71806807
63991285
277397436
255365915
192620776
120805288
226634039
39134165
276798125
276496056
272532123
116739482
267230398
15184111
273435498
41321848
235211291
19163567
272429961
271390204
271760298
271808887
271223818
271642108
14793505
189816128
270693536
145025066
56883209
56580088
116334139
136969260
100583387
108410287
269674957
220663561
269126743
18882779
89106541
252091047
268288443
185490798
30650464
199008054
267538523
128868033
164479015
8889812
212855137
43320164
267179714
7751972
24107300
15618320
31348032
216259573
21851210
267011156
24371380
76345231
132044691
43877738
164338597
266396967
266032687
202196353
191408188
182534014
57521404
54843215
137756755
20316742
759319
78601901
265023087
20017321
233027302
36659321
232081775
109134309
258782500
238148285
15084873
201292292
226622978
113317632
253186791
109106769
246328062
257461896
256203566
72895424
214093810
253955219
253795847
242816111
253497985
50598143
170353324
37176095
237161740
85960455
186096924
224632832
190649377
245894187
198778048
244486644
29197824
237850383
16945233
137608753
242768961
47380639
49264425
239354057
141713187
43828766
120478257
235991218
18159213
15553589
109516119
216586382
33362598
71444142
213987052
53637852
119427673
226968726
116887288
35478473
59439207
209930249
25460469
226006254
224887969
129522134
151341642
16052758
32015587
213976103
213653824
172595949
220982658
221055597
55941562
98717358
6048642
218770628
196184077
73614709
15001761
214790441
215446588
158977725
193557713
188663890
136335256
138625278
16016636
193235088
192035397
90677210
152200519
83554398
97669418
204224367
130866524
207619586
61417007
110729374
41784334
84889502
156891623
202452327
202450495
49999986
167896057
199569669
125496290
15149447
193628476
198480059
41286057
44856649
198415613
188659719
173303591
107176471
192629179
195566196
195739444
190873709
192944312
35482645
184420309
115603018
180853772
14727437
193637378
54541128
147177913
163337026
183325551
132671080
17983739
191705947
6519522
97580698
105731123
21163076
42842176
88934423
80578039
187501922
78637091
100837848
185109311
168472760
17896436
181970511
184242226
118995351
183434670
183316556
177204655
31088767
26431114
64976783
181496341
96680887
179959722
179009260
772157
7400692
151758806
176329966
175263476
34766539
78844887
47269772
9003482
166417301
170022947
170629766
93778875
166820318
49395291
40760400
108958061
169325935
169083940
168771788
132935700
167854065
44290654
87985391
166003746
165405096
130743756
33930908
160977380
111354136
160435942
82808756
62810145
144827490
147362397
107414026
118680207
152615965
47876145
94797364
151291340
91688977
135563995
147878421
147871655
61104162
103155128
70414442
143769795
142965702
75348277
53585136
138122733
139102734
26569991
93789417
50597652
75560529
18864424
15229276
14222325
142115704
134773750
139623865
140356783
23326708
108257008
38807253
138342214
55575891
128843628
132397422
106934190
133222690
12642422
131915222
130080448
109457465
81327114
128593634
104362092
115994282
118273215
42355742
71687748
125564539
81176829
115992927
115429332
21039699
46439325
121991666
99868466
95188691
37849324
120996940
24004063
120748220
103542002
52286493
30398219
42898229
93123314
35865364
66387183
108434088
45312393
112865339
111250336
108932298
75037452
107334362
16434613
101955554
104437362
106547786
104597091
88607603
106186152
36813366
105903914
34291044
85289376
31346296
32614914
22472260
83500405
104284047
104274499
85931505
99018398
99616420
102989697
16306807
35744164
100554230
101773473
63012620
95899094
85249590
97259331
86338816
99655380
39775625
98288969
94227426
18058963
89990070
95211306
93824560
94802354
94033710
89139761
71934556
17730836
59027174
81066497
83070085
31880804
89439170
76318744
70925085
88569437
89465438
84546884
88574287
89373259
63216160
86705143
19349653
53938570
58233364
86672086
17467699
50067554
45635995
37868634
54124131
70902089
84039518
80904170
52264449
74114253
14883700
70187344
67592744
81208713
14282672
29956249
26470602
76053869
78510228
75924145
36639298
16025112
37806032
57823516
49995997
54415923
46105687
17114058
79132952
68903740
23437847
39400732
17713673
24568453
37586161
14299823
51719518
