1085934840287920128
1305428036561457153
1321318816408760322
1433321069910245376
3080119533
1374658665903394818
1227719041374195713
760674570458140673
341099528
35710316
1153209642060673024
64241253
1430846057102069764
1222038531893288960
1400435938329698307
275217185
920983604741545984
274435736
223494835
93632170
2216968478
204708869
1408699178104934400
1219471448600788992
1140994219252670466
1424636501116133379
2613405475
1099223492631789568
1426386321526845440
1213436603282018304
1191987577550602240
2559907098
1423118272786956290
615427101
1279239628541685760
79071785
1423837367203418112
1413882669599916034
1415266572558495748
306632320
418568600
1303037587091853315
1361682631167934465
1001121182723141632
1197411074129244161
1344978025981493248
1420687072625496070
1388128476448772097
770884908621393920
1416971524058189827
2974920380
1283257122965184512
1109798897122050048
1403839642433048584
217407822
1419596305467277313
916797727
1052339598305636352
1412233247346642944
859039212946968576
1415904098574950400
1360091933717057537
611416552
1417513607848292353
1036408178
1416591625212469250
305431361
872393064689565698
1388013037810978816
1362399884188344325
1415549045481771008
2439716125
1534185193
1414194618279862272
3746387720
1034824786009120769
1413404669825609734
724863098327277569
2869103977
1411229924925399041
1318258286714638336
1307648337781301248
1104750980711604228
838780321
887859441667760128
1289144674947436544
1405096540453031937
1077086259774935042
1291046796907569153
1314327383311351812
1324622819343306752
1042582077550452736
1126969653589434369
586421237
1349135717096542209
84902530
47849682
2238530611
1405708627646681097
1397419510081019910
25655307
1405135010563342346
1401988343970222089
1404590611164917761
1352339373262594049
1401349217767936000
267655785
1403692358235951109
1403354905474060289
1403449099794460681
1360759645443297283
15631858
1374230733846286337
3300345625
1322920688873730049
1118875452439818240
39786259
56071819
1399652862624415748
1371809520985403392
1390139090616692737
89336391
833286544718860288
1401024719529201672
1382718854564966406
1336279437239709696
1247619843693498368
1318477040547287040
1268558085775220736
1145929681025130496
1360036597954191362
1363799331766231040
1192515031646265344
1341662298616832001
1374532012317417474
1045753789
1239715940691898368
433249956
1398247426780282883
1398063671134154760
790321458924969984
1397232049690316800
808051518242979841
1341637604664430592
1391677463093157890
1396690744937631745
1395967266370502658
1006009212
1362205519486795783
166505377
1394463632805728257
773020766128320512
1394953347480788992
1391937282593144833
1024094786
1053870082802106368
1394533872847654916
1231606218805792768
1266964053517201409
1389202017688723461
316518777
756145400684261376
1383678298383740931
1368950295699611650
1376019506112339975
300777028
1384607033501134849
1363222556656943104
1360416982148018178
780785544846450692
1174059776713445376
1195175863723053056
1348870116201562112
1272893095823147008
1366953226147295236
85136793
176429120
1388271215182184450
1001325314352431105
1386617598675066882
4283393061
1387032861363032070
1386348271371624452
1386477050081398786
2470533288
3365540759
1293641624359247887
11530232
1337660069773656065
1232595239715721216
56586163
1260114392923820034
1375733682133159937
2994286782
1360125020966682624
339466294
1148471534316482561
2943349238
111277678
884343111970942976
1174509587052916737
3447361693
1295820314388189184
1140624254490124289
144831488
1293145149539680256
87413235
1280483513255571456
212139734
1143218297372119040
836404724664524800
2206191814
552066016
1324273865934086144
1378202023200321540
1228665896606019584
49008463
1164833614057492480
1346746436516413440
806905207263109120
2744039040
780964292824662016
1453931785
1014062793249546240
980263232005959680
45835510
1189083448667000832
15464694
4728012405
1267404587452923907
855391223690833920
1336134764357672960
1102179472705376256
1049597889385820160
3439002107
422995829
726597766235877376
1293827685420916736
1370368863725051908
1354210316863717376
1031588732
1285844005662515202
1055415184330813440
1319508856657956864
3282098510
579396062
1251876287427141639
1251088705412124674
502439882
1242414528765104136
1363535603598467075
1156460096261541888
1364775989700481025
83916307
132844195
1366326678893391876
958109254384173056
1653291212
1369103144689532932
1266731630359539714
4633927034
1331551167567028224
139663411
134796205
956371867866087424
1065485425761009664
1357140171641159680
1214942366433308672
581621076
377597571
1359866393613770756
57556376
1333743395676844032
321989353
1366725920220848130
126840001
1366609626846752768
54871400
2953450971
1364042518036439044
42913367
1326556079644274688
354783706
1317989501793304576
78260788
1358932902596157441
2949175116
1242116722578067456
3188516712
1238860697452179457
4627917745
1318793274728108033
1140951748992831489
1272861008600559624
1248123069928861696
1315263633161478144
2932190736
232516514
134991115
773634687432523780
1003182776877633537
1309302109507121153
1357394036684976129
822096737082802177
1287833905144324097
1357612248890490881
23457580
1188263850128265217
2374332265
1028506779896799233
824906149
1360176398799835137
1356963802294734849
770202398455246848
1119973032758431744
1360311702999343105
1125114209178505216
1357382904112906242
1242725095560208384
1185282672576356352
606036888
1271695048422248449
17266492
1357548594073460736
1357165785010036736
1352814710257664000
1355927535293349891
1304304784627789824
1352323097869824047
1355497911430209537
6931742
1356069124804235265
886936294202454017
1314408601104994305
28473144
1007674354409226240
1078472282106810368
1336189376892571648
964551269196156931
1244441899680882688
1291297284
834961153
74502521
1339767835044659201
1237166067870396416
24146208
62739613
138623356
1029626798257004544
1350585860253749248
1133260452388122625
753874751282552833
857132538686525441
4855684731
2409160862
709061176823513089
2709002359
1247487377406185473
3013358485
1159888191148711937
52453551
1282636470608683009
1033955573308567553
1347440635574276102
469900185
2195807983
849825304529039361
2547420877
408919559
1306159474080505859
1213789210949251077
799182848041373696
273186473
31153705
1345600974488944640
1115272659955113984
1143611260824629248
1342219097774247937
860864756583776261
1380834884
247722173
1335112058463916032
101205638
1489921375
13194182
544107223
2720304373
1269840237674541058
488977836
845245080
949470989716414464
1572649544
1340206940882759680
1217741094601068549
1192411549585068033
1067237902789173249
1339368275759796224
1339001253620109312
1329025407736274947
303307244
273549671
2204703762
1173580847145840640
1336639606436081667
1584492386
3787351212
1311513605787983872
402378265
1244461356985618432
1336779611040976896
400546805
1289242426167631873
928216710439686146
1331560527001231360
28754349
1264447894037258240
25869517
3256860853
1334458342941581312
897347888707018752
1334022323783966720
1164120327472832512
1290649833372553217
1329159196571357184
1044407971684515841
1304274519276662785
2734115403
2877196506
1301789766195662848
3010948301
1099966452725997568
1312582197497548800
1332949032289718272
82505947
1189273509240791040
2266108303
1088190927104081920
1016970321994420229
4371928761
802940578014969856
1316361821696282624
766466023155441664
85485488
51390588
793975711920885760
2799359089
1326929770529972224
1322580037112111105
1162173379585044480
1319706951425601536
1325643954860089345
131736436
3430871
1320606816124821505
1323860947614662658
1320624717921804289
429147138
1310460897605767168
3623130918
1139335489507549195
516620859
709809374688972800
1321186039621300225
1308567570979512320
4230168560
49750100
3186412922
50748027
588936174
1317744669653037056
1003616896376115200
1304700884731953152
1266336800529940482
877601233225121792
72359760
1868119286
1106076128786046976
1316290269827002369
1313271624330702849
2849970985
1314430180140564480
1278179650502451200
834999320856281089
1278211679021498368
196111287
280547115
1309112333038481410
1310542228591435776
1312946979891113984
3306731702
597744181
1310709138435928065
1310546825707880449
1273021933983072262
2323868664
1309736495939493891
37909990
1217471459049857024
2858849201
915332197325795329
1257925693888851968
963234508370722816
2169898360
1524717612
1291688786104066048
1305990422913843200
925249613505880064
894878159019036674
2815767770
113309583
1303659392743555073
160106325
2220799224
984217548
2635903580
975598863569469441
1285290981819129859
928108170525814784
841924407761203202
46856055
987400442207387648
1299681497180299267
826232049853878272
907240309452443648
1279779394697887744
1259674896163995648
293752787
4721740274
222784827
181181379
236312577
109457925
1292022496045096960
1296328072522797056
150498040
1293578118092001281
235095201
1161101149325283329
1293990567144194049
737952641729204224
452789340
215584622
1282831548622893056
1294477698752901120
998603412865540096
21290288
1294087194022490113
1104250500285788160
4708612597
25559535
1293376544920842241
141447784
1219283759134060544
1551763009
831862869096411137
2965253862
3059734039
1287075330587467777
531074891
1291598151715942402
1232514606263947264
634623688
1289168124445634560
2433509124
1288071477833666563
101984734
917390595085156352
972287148500987904
4385111475
135223470
1286830751137161216
1239836068632911872
924514067414257665
1205647270110277632
1284424884580483072
16589324
973741279573041152
1046742765328109570
1121770146538770432
1280361398388903938
1226458340445716489
1268789228567015431
257213700
2368812272
1281527852479979520
417757220
1280067118210314242
2616907974
2383774028
1279028260114817024
900235057226326016
1235278918568968192
778175204291932160
2286071965
883508525674012673
123732888
997764346599149569
1857200539
1424667600
1097093588914065408
197123718
1273620706895355904
1255826985793667072
1190928797891063808
915801296476581888
1184695670634008576
21057031
45491233
1266383216438468608
1256194456065323010
25213054
1036760686259576833
959430107029946368
251888871
161497051
1270709780470919168
812593060747964416
709520598062473216
1270232824587534336
2524874424
873767253916831745
860366078920216576
1265297928559591426
2738282657
628394708
1101158038591823873
282161299
1342196058
1251841687162425344
1268555539580981248
1252111398295015424
1240118149195931649
266972899
856757191851728897
291529108
1323915901
1194360472751034369
1255150235711496192
1266027181379129346
914992051992875014
717295170140516352
1261223388585971713
708585686165819392
1260857549244506113
37601447
511748492
409103293
61190234
1464206336
211776502
382187573
900625214320644097
149764365
716104088
537349246
1249511530149769216
1015934202221645824
1206116366790483968
2992107642
795552211
1242672767071387648
378732868
2931671166
2155290156
1226445896017043456
11497782
200150333
142085241
949716564848324608
35500532
783310982105931776
1209820945289859072
713025267413835776
794246730808250368
2773201190
1201799590892060673
1195592997502537728
116545227
708980329462284288
1036947635603693568
1257736312322437122
445595386
113545105
2435170430
1246156066934730763
276735632
1257868530462195713
4073421142
307573995
397174963
982798021728468997
1253368118170103808
3304038636
1257661663731486726
2781565134
1251813224317480962
1027104116772728834
198544678
2696931805
1353452766
949873772928032768
851386777038315520
1244899353648680960
1249622217845022721
938740816918523905
51898337
408931805
9192272
827785429202063360
704190879427244032
1123620813813346305
1255773902762053633
1255713013262237696
93720494
1243596936428630017
771364374195769345
1247701589973852160
3711802220
1111177837
91977658
338861736
1254869643208122369
1096709345952190465
2946301800
1213803913339523072
1244254631657525248
991665546579140608
3152455492
709569410055405568
2291728102
113562976
15788551
1103072557
1243966276504035328
1227321768060301313
1254025056172290049
390196266
14066192
1251984325970669570
4444897823
914585408880697344
780272063273590784
2732252636
1098611585738772480
1248117063471620096
1252576538744291328
543508671
1228843877387210753
46828408
1167574723
776850598046134272
1222175490938589184
2354158298
1249206463794479109
1234346772966674432
702535073808019456
1251098091890946049
15691463
1469896471
1219643392369602560
1250073585605062659
62507558
484552506
1027168694307151873
292361632
1248825032345698304
17137711
4636836073
480282670
16419364
1211791141210734593
1243665719411294208
1118003583536877568
394649190
2930180948
547602608
1139446378206322694
705951931630354432
810699484933984256
1231637480295686144
19691852
741225920447414273
197638304
1008261712888225794
1191226969863540737
2222773434
742210527762354176
1243711766128783360
1119616124457406465
301543428
1203265303955697664
1193783334347800581
1242490288880287745
1181055854826549254
1241738618630098944
1241698520664379393
481084601
42737785
1201859509813157888
1240796777541816322
1240221314222141441
1168318766775754752
2835514574
1227343974416805888
1238506853622931456
25772936
1234506345274990595
832182507906805760
14620332
141276869
1210245706612535296
743055684
1236656945576075264
407712222
753125810677116928
2357543275
1699403467
1115944814871072768
1234848548841115648
547391947
1218611118211522560
406159503
805373418547777536
268814166
2833151276
130454683
1232673419566567424
1193886979873574912
812254069553147905
2937324036
846028347234672640
788870490
979556585792917505
1013046734078046208
854327280
109215489
1226861557184786434
1099824862527246337
1225622490547798023
1214463016185384960
1221626961140666370
71675767
3220267980
959261517517434880
109843047
1031932367252807681
714846117855420417
2918980356
300001974
1220839286515421184
1220799810736816128
1210155729786736640
89400907
1218530354732003328
1032385246900060163
47872661
1217334430240346112
1216945444162424832
65983654
1069134158864113664
1183673744004452352
1004555899279585280
195698952
1216706722443812865
1213032139203039232
2598433034
718310432570806272
164643701
957158850
1095110659040149506
1215659622461083648
1215285246658252801
1591348580
383729195
1638484740
182379773
93383423
1212546056837197825
3748541296
1211483663772176384
378069293
476774827
2221577671
1208814159212662784
1208259721301393409
174247616
3037316818
1328664492
1065878552518680576
1106531335294742528
1206056598998642689
1124914124138278912
1109821261025140737
1036608742735794176
266964804
87466533
1202787088141291520
168003522
1144178636259414017
1199621609348222977
1151687358473035777
1194336953266651136
2251540274
1049340966799204354
1040222612008259584
88910039
1532823570
16507031
3423826214
1195612173558525953
963323412406939648
1195317394882744320
66044577
915476395731542018
1049257103066427392
1189923940858290184
2676752439
1165125023692050435
1195335669163417600
76094462
168254551
98826252
1193070221977743360
831753080387538945
737644421060132864
1189167313406152705
1107691839535091712
1197029582
1176873172177584129
978467472264265729
30966415
547294969
82904429
961249545723117569
816236907201851392
1186215388041883650
1099831659711492097
74983783
96075134
444134840
993267840
269634729
39675534
1043044785529839617
703631827248947200
1082400967201562626
49660310
1185813212803022848
728391857604984832
871125004552896512
1109409355294752768
815973826588610560
926306080610836480
1174656455242182660
88152466
114687193
1185376502637944837
1059837748356440064
1161715267526782976
18550381
914808386247643136
1181892497397735424
68645567
2563299673
1180462103699681281
1181516817312862209
1115417873743134720
2992068768
709751197549379585
2499763994
848130297090588673
1177772805649158144
802660050078531585
1175721243107942400
1015114929370628096
2990607063
2880715149
1111415527912734720
411180733
282989790
1120757030518652928
1161967872253542404
1158957568724783105
19340525
1175242545753755649
1051783695068098560
1162687665851912192
1524576812
1162971093663014912
251900851
2906475182
1045223819936288768
1173302554085580800
3659058972
1110777532297576449
1086642838501175303
4910754914
1132857544613875712
2819128992
1038014274038202368
1171360836507406336
42862831
1170944633074925569
102068062
1169806587826855936
787276181879926788
513139778
1169099069924564992
1086809669899698177
291242442
86232919
730505288
24667833
2897499139
556691118
1125086592329076736
1168860460256387072
1168512057622188032
1162260972318285829
1156574414181404672
1168022448555642881
750903008377135104
51988968
1151784946983292929
37900469
4081367420
345871270
31121978
789686732
1702502678
775740643855347712
255413103
1125310101416321024
296089184
3737995274
948276886605586432
1372021146
1164555624408969217
1106662064079155200
245483826
1164153103421231106
1164025426148122624
1118995155757879297
1161402633044676613
1163096815027159040
2570229184
1016109383896322048
1002129512115646464
1162316620422795264
558823650
1155743712107827200
712975896408236032
1161643237771112448
1095448087525498881
516375700
423770622
1159549159000748032
1154776933185380352
3048701070
828221417791508481
1213527013
255133757
3388103261
992613518825357312
1158702360203583488
1158696488056193024
536165358
338582471
1051063225742049281
48358636
1085130483174756352
1156949329246076928
141226414
1079894480499687424
2439673549
1156380775224418305
1155690034797748224
1155699728178405376
2729115756
1155104552288317441
1154820666476175363
1153560987481661440
124406372
1152790334419505152
1326020412
1078058311809990656
1151501211369115648
1151425425458913280
1150802497465794560
1147825591934230534
1150077798276427776
1149986423736545281
1149956794061660161
963401670
756836929749024768
1149635324974379008
891612619055955968
1149355336014295040
1149025392008712192
4865994616
1148609876383404033
1148371536966930434
1148380498869096448
1148150263825354752
1110823565824188416
747491433658060800
1144451064122359810
2944545487
1130842345950203904
2206883605
1145274380341129216
405001592
17926269
102720893
108732744
51165941
241148424
1143403898843074561
1082393883965681664
966970698
4649448973
1019194147591282688
1138347384776212480
1141985846154944512
3272719772
458517173
1135107021328527360
1002658555491741698
1140838622473490432
2933130132
2951128261
1094547440286552065
741167028837421058
1139422069437816832
1138987184067792896
1285547520
830807690146308096
1500297452
2261119195
1137915805947949057
110980952
1113453714314895360
3028190249
1021733088680861696
324393323
1133839844143194112
406060191
1127472429222191105
797429296985845762
3141199916
1034723760690159616
1054376232198955008
773663348604960769
1063390508364361728
4654717877
2402029988
1087760193365180416
1130397037936070657
1101011837192007680
1130139847178407936
1129257661910794240
1490547812
1124249806249947136
1020698383848071170
1081189934495522819
2551949749
729691144574128128
158027328
26430187
1006830889312010240
1673098842
416602150
135113940
1916697762
33470578
1125288437794234369
162468286
1125050262727450624
1125037964008906753
46612653
488390685
1090550537613787136
241836366
1028679092
2921805666
808561242390536192
1121002924681785345
3281698538
112418513
1040504069951877120
1059006103789268992
1081379609940090881
545426420
3038570798
2417345232
908518769680564224
1091187452751032321
1116620779729211397
1116314680086024194
3239473170
835940588
854501502
1114113468276154368
38866651
725396499945807872
1105019506529730562
1338199850
1112240790351151104
24136231
1722034741
3814178173
702768385377980417
103250251
1097179491267420160
43143299
271860099
769920175101480960
109825960
931816192389476355
2871232306
1068626831941746688
4683426212
300161410
1101091219961044992
798687324565426176
827458281572618240
1102145466169356288
755728695021572096
3602901672
899126766232510465
1102439252816584704
1024392289169207296
197593109
3347690799
44703827
43060980
959801674360528898
822836380019621888
1089066863043231744
242355136
601411826
1047303834882592768
1052487992047071233
1095994370023612416
867431030
1082842628587048960
794901133730803712
795501578585141248
868802850570334208
4853039505
1094031052329213952
1024096714641301509
132474247
3077026421
733293613
1089882525420335105
913594180969959425
4812977248
15425455
1303325546
1089240351049535488
1089510722973818880
748338025566871552
1090273557865611264
108680755
535285846
2595926492
928302373272997889
920205840531025921
115317045
222653487
980853525445046272
1084260690536398848
38688059
3336176894
1070249556061839360
1082143742469890053
991342406036480000
1002980800927653889
913266549640675328
1081144621093154816
1079955589449506816
1080133851978973184
156885054
1890479629
1199344182
769331239706689536
799124998409420801
950188835077480448
261957954
1068895614157709317
711844276569681920
1050083147432509443
1012667978796683264
2574822005
1074308306200494081
1073059517099700225
151018721
720788937313157120
2214865849
332108766
1072386499050594304
63140428
1424696774
1069305265542111238
301283997
163019237
1069573446076485633
1067630688701050880
41513118
413294584
1008848535951958022
1069828541703966720
1070268744713162752
1127187782
1069953666885410816
885500910272630784
4473074174
1069728449026129920
773786554938564608
839679012100194304
989157398001565696
952146160084434944
37392389
44546720
1061984800746037248
1052960615646601216
1056786898792771584
1063426416837050370
974117080940204032
281321539
1065628133460631553
1065616943665897472
1012737438811377664
1017777276782440454
397202062
2293670479
581586534
826309420787257344
886166211184209920
289901725
1045882010600845312
920709383176077312
243121499
1062371454241529856
3039624523
919139529642184704
759311983879528448
905285127613415424
1032587333772570624
854503343464624131
44609910
757957611119443969
1113480019
3193661543
892084428268294144
2885324694
362898122
226995864
907799688
956698324169625600
1057490342893797376
1024498392628584448
341529312
2932148889
990693691860901893
346464025
830780504
1039375322343399424
913530390593380355
79188771
602658324
2967705697
388264860
3269848926
445522148
1047480165582946305
1053122965267607552
966527641585987584
873159009334960129
1036518828971180032
453910338
297216421
19815195
301663664
242693759
2470137122
1012949413088509952
1051063054618652673
993119186799951872
138750168
39330574
2149040444
899613157274120192
388100102
55847537
314811184
981117346168254464
1533709759
40409446
1046775953291001856
903890020364279808
1212171518
2394008599
81809551
1042438781192658944
2725847618
2888305724
52034013
1044826539089694720
1476696181
416799881
3625452498
824522393926316033
1035508256335163392
619173
321426789
284976348
1032443445594349568
1582709630
119173462
1036260074128166913
4030301065
1041753676224770050
269504219
431789144
32162159
1040570651487039489
711023005
35229163
731136421252063232
247623896
74394307
843102399543758848
41513629
323093603
1037964222297071617
208013245
85800521
726138733
1003927266592579584
98601958
304876774
1291151586
861098000084475904
795049532
892741535439171586
424687471
1032246323037126656
706841307478556672
80371973
19865480
1030659285376675840
937814424215347201
235090174
999545692853956615
1290203892
1010118777411985408
1018147686451744771
111605505
1026805847731490816
1020978352692359169
821992078737477632
857862817
1312781965
458357482
861526026823671808
1021288110330560512
4688233800
1024659852960964608
992017601680191488
2328479906
834749889292730368
1022463417364303873
1858749571
1023477764677087233
1002189160969621504
348924660
24787861
1006857793767387136
785501834517422080
1011500630286876672
1015200425530753030
431096268
1522398098
31629386
999872878865596416
745064416022958081
991865009587175425
463377302
1012805408581353472
501975982
1011995642472747010
290929222
1579326775
826877916
718441184457322496
294376740
321238682
969082247142817792
4852837930
1009358618230001664
106791513
454645641
787592779836731396
11021882
974059318738759680
337600860
373681644
977241567701303297
2152163869
1004640997760909312
1004191800465092609
1004651408241463296
2404967788
1000649188835766273
1005247150970859522
368234867
59441441
976678313501474818
161983122
68003765
1706654964
996756833586024448
1293131154
715036864323969024
993063409154322432
2670379712
284509664
944228826673901568
1608652920
722799479519191042
2752564758
202885429
17532234
996762203834400769
927376069270708224
224152381
835019764279959552
2774566458
429866306
998808924387135488
3033255771
69340400
487513463
879024865386385409
299034808
2905212093
970713216639647744
4450491978
731986794
36590147
1463646144
28312609
435658683
267335787
714210698
24935781
208523050
988780561056464896
788185645260963840
990817948594987008
335281548
986807821835489285
115040227
984380306214891521
3189797701
81969201
988955893701079040
250157223
159548152
960121051492462594
415522573
1734842364
943429442281660416
554608196
723283347137388544
952486436602703872
27807451
986158358158651395
971627043333877760
897754404815650816
946411037649141760
926181871549079552
297305668
3688496669
984005104201281536
135346502
3061019414
823114139916582914
898210116436021250
970103407863242752
982462513701793792
792450
976015641772670976
849539510459400192
976983439302844416
631013649
2469894200
250112993
54803765
283937244
979952237681102850
957154733587755009
969224610611838976
19019862
1217418416
907813657492447232
4234953613
954406217924861952
976492652920152064
4402737268
775576933539074048
935787188230397952
811944344278081538
962572623694635008
4528646003
2909774594
1010133464
760420693481705472
848610914635042817
1956529758
965509640258666496
218677101
286705344
926215991473815552
914152682461581313
1436954605
969226880535625734
750636650208919552
313052080
410037049
536226864
2961943333
255867784
964669734355521537
2510760156
965186130881605633
958694337273049089
963488012184113152
964062597875081216
948878376453906433
861834073337155584
229130792
963226760438427649
928826771004276736
17713673
117753949
155043850
959455956420775937
630606700
4027415959
390521245
954209013184385024
2352577225
46604114
486569204
83858788
94733427
451574378
2482323553
956044951930003456
2202685754
947901082532900865
2690477970
14978383
955006408176488448
300741519
955151640952262657
131502479
91061060
2258808624
902764411760365571
249639717
307838484
24845800
14863578
364993991
317996329
953080688055484416
746774954
1461382848
2531306078
938067303706402816
3025037550
323538275
952001509734039552
169257388
950781814779518976
869474147872587777
535709743
281561869
391145804
916200195720855552
947777905001500672
245566084
725156724433244160
827149344
896743519947112448
2437782277
191554531
3309001706
839675951235543040
17630336
838710292729192448
860081043432284160
18300101
810141220026494976
4295988318
925333901672726528
937552528438321153
799667451965255680
890298498616307714
944379373150281728
38839493
239270343
942556333617721345
938920498104119296
837722319971758080
867855527992205312
575636794
575002172
184914392
800999556754374656
1134053054
84086555
26285071
937191114569682944
2833285814
883020734242664448
301306326
935502401729060866
506497183
787279243923238912
71783849
2496297876
869778313459384320
2571492157
927340273272684544
930812835742998528
195598246
779186565314584576
791635447
829522859622031360
469372558
793776883850743808
564361398
96704053
925581727937961984
893270789822320640
1170447422
926379073542144000
926370198164193281
917518580660494336
2692219274
728125495326343168
9952
165659974
777794665227649024
156869964
851981028830961665
923351877953007616
861735982185328640
112307249
921993948926640128
354812319
920591763621982208
873097808156295169
736028182357282817
196995596
916128558862311424
2571078768
19990479
199788091
853785311800827904
917157252477235201
913410749724205056
914736245468667905
717213585051676673
851122263118168064
213181700
19911490
912538226342060032
2162931228
1195940203
914481560807772160
913404445324480512
913459251221192713
168079564
3876286452
2499214451
3071004324
911531280914944001
911110478964785152
911140660404563968
265398253
904118612285243392
903200096002523136
78492097
39778614
909346883746721801
2433721064
717524424
747262415725682688
1028211816
392746701
481038115
462056845
730579166
280758379
905285228528357380
21044755
85977932
144335385
353517081
368062370
901437707087302657
899353203740823552
755616951905292289
49639366
1271409007
901085182538600449
846637637167435777
740754129983705089
897381912498524160
849603954216497154
784249899424489473
897013367717543936
897020536592531456
809815742048858112
3261220321
896142458932875264
154185479
299729605
895199830321938433
403785996
163481158
4704304740
890091790266753025
3988262121
289232556
111081946
883953600749121536
876470620040552450
892662778435035138
892754041427636224
884679212342198274
769457085608099840
2730075732
396352465
45991216
135824198
4699767745
899642779
888075713970130944
888010065797455874
887847126280962048
3324547697
174726326
882383441991479296
555127577
884570759238098944
55482931
875551073569693697
881407258898214913
882208664051793920
3318745129
32859990
190155639
879013804155310080
573394865
879374534322860034
872706975976390656
873789114386071552
1540780405
705338449407176708
591920803
876484210537545728
876474927825666048
29758273
2600345125
875259562625867777
4887899325
840423799858245632
54025571
2282807389
844826434602381312
872474960710729728
1583026123
103667832
871309400618782721
870957816239935490
869771668796743680
357060893
870280441680482305
869546712238481409
267669473
30877405
164211388
301969655
306592657
868484023961526272
851499618558980096
2207675284
68973425
414771364
865924216222130177
865875895269040128
865796028703752192
865427944033796096
865403701992710145
779941704463896578
261800054
863133582138781696
402781071
918337909
834942171379707904
862186739116294144
859388712878186496
44544248
826320398782312448
387945359
126495494
1614351715
437956871
858295910387728386
757596240934604800
126321656
162935130
331491690
213627742
818362313912659969
856734808524734464
836460539173728257
3767134212
807286438949552128
806459456489799680
855749134699180033
239798181
716614430180642816
265775465
798578922296254464
748577074957422593
132461288
846997547277324294
183915067
853618876784951296
575169044
59750419
2921387128
849605083385831424
3798809606
849405805346648066
1471505707
849285345296306177
3001686917
848766320510472192
2999532212
2969387876
835857053692260354
800726265569259520
192938141
2571084714
3279474553
804455814425505792
847066654072696832
293445681
846433868802670593
2970966513
750963961575735296
801118821440520192
741158437325840384
475893564
837622320621576192
20498449
842018818402668544
841458368002719748
211540584
55964837
839089302000717824
2853609375
179394651
294727011
633723520
793315894936084480
867366998
3270807613
757580746710065152
838387522111578112
829546850889797633
836936950514765824
836538831146868736
836092444731191296
2164684908
818400929833750528
822440076651204608
613944096
821336142087798784
827596799036751876
2278326788
1240791012
790473720355655680
2347125347
609901808
827415011618353152
512025274
4207138280
78773339
803417022008725504
829589778161020931
805849107784957953
106648196
228345177
804305066001776640
4244900956
29395856
242104880
95409225
747429475881652224
4771431312
833000154781282304
832704015108444162
77253736
703587696136957953
832133255994368000
223018548
132175154
55749972
2370526856
830617453986091009
830605461225299968
830441045750059009
781052884657897472
73050268
2650154899
2824845387
826338831859191808
824475690221268992
283331765
218879286
808643053040726016
86080473
811416802643165185
820276135283990528
188671181
57311760
227275353
281639059
820218483157835776
83686455
724733688311738369
818387015179837440
3723218472
814210115326840832
708196114290180096
720980329142419456
749994929414213632
799962797593329664
1518830227
803101742241955840
810708685228019712
812639358
812295177121300480
58759017
811404742333038592
2256406952
778301830295977984
331185359
725384516655783936
809418189247418368
3633591194
808876372751949824
785483340551946240
269674988
805704173631115264
804578157038710784
719788423096242177
702326954448461824
4893740538
236412449
417684682
54228482
800983265729355776
397847589
798753524016263170
791481101415911425
50205528
26034946
784548544329965568
798970447933018112
1410185436
796855161398304768
796964038492057600
796053193897766912
72162023
796013525730611200
3312956960
3249913555
3258096427
793866128036548608
156546595
235154385
793074007218290688
792908751007125504
143849559
82997685
41248779
193177067
791507787578695681
1060026613
722791435938861056
377832171
175301859
110401530
783986103963357184
4438304899
782790897129787392
777799561846882304
184352307
404664421
84013792
789019838505062400
788569698652729345
738224155422642176
702221317529927680
786484194494943232
2561433454
762946310798442496
784417984794066944
784287770961321985
84203667
783330066918961153
782292988898574337
782213150460420096
61786733
63698697
780695081011380224
780675989663645696
764213144537468928
109612256
780041080494366720
779524805229842432
779337212424884224
779151432431702016
17309853
264597778
777093685607403520
123453834
773589821092667392
3159496243
246716282
44353763
2890811102
751842922434170880
2938111098
770838856031543296
1347477656
4816486178
769254256805285892
749239420050509824
2905123573
738051272708882432
765144169018896386
531866350
752426279408807936
763776386003677184
603588908
78828400
723569652635295745
2558356640
754926714665312256
760524343092752385
1657412160
760260781128585216
757129415008542720
198761709
759550254769332224
759439981014319104
3182625434
601616799
757113725304184832
43272455
748757733675978752
2803564788
747488797630283776
3116805156
37867625
746948062610788357
752344532281360384
703460727785304064
2892529537
751338434321534976
165061042
2556534498
3770169738
745164223748050944
1161318853
727438311686438912
743462386263277573
169858305
1073052708
735752785774268416
14451639
2804893046
742272570993561600
741806852980121600
286981410
4422031874
739421291514470400
739370977188945923
739066164265910272
2493832147
737960165677236224
1208142091
1374562050
2869026230
517136960
4532970920
48042765
3281855305
2242165333
732391423077572611
2908136288
255340337
3009061428
268812537
67287201
729740904714604545
65672031
236024521
728303974177247232
249703395
726718727664766976
3714559160
2730951301
725216447488643073
4695597410
709771912658993152
724183462605905920
2511277304
345154204
297860173
31537951
3287230081
2555723203
3390784372
417851416
78507512
717923521595224064
1368879872
216347780
714931243163508737
708615584695476225
1147030723
713262231253725184
1245477450
22003727
1141538401
710151980883181568
717899324
358817248
706734526202933248
704717376907034624
4547115626
4534750404
388273775
221023539
1064235054
702303567349059584
75815727
3458499852
4901447539
98277858
3320876562
4211074516
60221423
1247531048
3235048362
4783016917
4497985228
3130726119
2282414522
476635766
224693224
2556499237
402020588
566889601
87392663
4309387655
297824145
36612551
1354102855
2380733208
14458923
4706976552
43127411
310942596
597746983
4508497821
4656593239
4445307623
71709850
4565717533
1483935336
122941586
384220674
263541982
4305261677
48209598
4130391379
4322702893
41266667
4198334772
135342773
3570225073
539865648
3832964114
451887028
189009060
39030274
2444120167
19448808
120784013
3349026192
3888955934
3269666112
1356882440
167169119
44666166
2257436160
3314662704
3794333116
250527013
2449673850
383184513
139720500
1721598590
164175366
192795235
3306130632
3335080459
188796515
118970753
46655035
1389002779
238785717
120338071
54158254
122595044
294479817
526035145
52413315
94137821
2596439641
121940659
1884685950
316382193
620700208
3240523868
594766079
782334998
3226158093
3307495752
3305548224
1548097531
349591655
285481782
90385928
907377858
3274973258
373355564
1412781391
80551098
3362864770
3259007852
3256631628
2459677129
489334569
2192477930
933224726
2711759316
202054837
3243851990
83896876
48831366
105756754
191814701
2770276722
438909636
58708479
3181348093
3159998012
77809241
501832959
395392225
20158565
3158095705
29409407
52650104
700361222
2459029153
443534463
3144704315
554972216
3141864926
30678940
448651493
8496052
3031708161
517339804
3114921991
273928323
3108829944
273278007
55743177
2900585126
3077199840
50668011
219870977
606374439
63684134
1386661322
3025454964
3026628115
445447420
2300442452
3009147612
2962321410
77185017
2988665070
2989531537
2989080101
2957511488
2815845707
2989117804
2912114621
2942085360
448816154
628211607
1727052416
76577609
249489672
579765750
148690218
1024183111
179467652
2917460805
90099700
1229035044
50140760
2860666067
1699908884
2893679952
40627862
2709340064
81852057
2791708301
813242232
842876497
786503048
24868747
2345231173
265417219
340753307
98054446
21082829
2725287690
129177735
2481666428
2597745560
548745178
131567637
30169830
2564007128
204802236
197326269
30664192
2541687588
331547944
1342076940
66110846
2510962460
84549768
110430172
883636153
248680271
2412103417
145582083
332846641
106011903
96741105
2372003059
29793809
2191216010
2367194173
9002032
2325352819
105091024
60914466
75503454
283968509
195782221
72502594
1531547185
2303403176
553505760
2290732418
813201284
176811635
764033184
39754037
1965014114
154084457
390576205
1892331457
75728837
759561546
1727951701
969927877
181587003
1604631518
59250507
1640822504
1634750437
12855072
1057352491
21386778
229366941
1581839058
1579703744
1319393364
224290646
88587550
1535991672
196266121
375823834
277548834
210498019
739657886
1410107874
1376902788
488751764
573208526
1146836124
326833632
313982542
515389949
21283070
156936816
1218720950
1112339869
205789876
65563900
66274681
1137069901
61801277
149115209
92904635
83814818
822669757
822659412
822652950
822655784
822638846
569242897
569239633
569315469
569227672
569300640
569197232
425528309
594208057
81534580
5434162
434686654
871293409
110908705
259314641
271182596
1111353517
54149201
51409230
340744423
226555149
29706007
207395149
557561389
216065053
66068299
131838352
789185898
589772811
589698553
589772712
84859901
1082572454
1082539086
1087984490
336495770
417943184
297298965
242280819
1081824638
442429571
24683997
23172900
110446618
750641761
222370002
118953287
592467793
238478060
383761757
447854744
288281274
73580070
75227005
161230129
1072419770
437614722
423205440
86110743
777591062
306745189
896587879
1022500302
109299063
255579548
64402836
211139263
128868879
217298345
48369575
26782649
92472270
160448801
64386775
235617934
53572607
98067727
71812308
76854237
535146668
234766482
161607608
169834824
1042125420
440581925
262186858
1049511356
228529854
18577409
85508754
348098761
568096879
279042606
313068739
940703234
11007542
607141611
22753976
26978047
215598301
1038805105
1038744326
42831502
412354344
114182348
405004919
283638726
865324422
29203470
267748628
54119387
548258950
52357748
17479225
43145181
37624268
50324509
41311403
47912125
433076228
123536302
838245810
62189414
134780914
493286272
118272585
1029966181
139296614
83761797
188586689
186738046
73344444
47003172
70243435
23913006
520199431
7852422
949832989
775844887
269354276
949792482
949779540
949816790
589140869
589181198
618013411
110407981
479144007
22614286
592379210
593370879
272882579
86963066
96339007
44685875
471009646
48540140
65580071
359987939
252974624
26177279
167291836
959977710
202206641
315718541
51306124
753282572
949874600
59300054
231734587
241417649
217120237
39246635
861788173
43253808
859370838
432323187
363346688
361030629
833879737
69779230
287485009
779459412
104838125
34626463
74394418
262489628
9702772
588073361
269133247
113011565
23391177
339152126
340694540
154553153
160415209
145914691
587326853
46711126
46137609
148786991
372152570
34875046
286995308
97909082
151960197
39743794
346588180
255428398
54588431
176645024
45271537
128812028
177854012
47365995
173185946
61680378
108872299
141798560
375197960
96471297
369457613
49983313
186461278
400170774
401375121
101702617
387134021
75060663
51693419
81098512
374070248
146680988
154105226
81280324
27232283
200166434
357349418
62323758
47979664
331436680
118331463
14756273
33107762
202677945
295734437
213283453
18107321
282431781
250593115
274003140
264131460
90552200
220817090
103844468
251496539
81040418
210394354
46618921
87101933
219560502
97111329
233491289
75159950
95595207
12830182
183293179
217271034
18939092
79119470
64356461
229478373
44354581
241223004
57326062
89692193
53025117
62219649
198926601
110464600
22037999
136651641
248712625
238538978
236429626
20858173
157762528
