1321318816408760322
1253116770606624770
1432132860228423685
1431533916930727939
1401735060529635334
1150752188085391360
63145241
1104574884888231936
1183345840389148672
450720545
2614995756
1406161832272793604
1213436603282018304
1391714245918662658
180130665
1405105466183622660
1102513350360084480
1392095605246230530
2162674334
3230573384
1129947738198536192
756082417266335745
1423290164827152389
2667217730
1422773590177370113
1361682631167934465
33610033
1390644764224016384
816922573996855296
1287237836530278400
1416591625212469250
611183160
4844831058
118668071
4826559741
603573815
1404430960834220032
2328184040
3003202479
1374533727620009984
1410131774483673098
1289144674947436544
100704787
1404678612645605388
332339314
1408277837287542785
890419990356123649
1407381585012215809
1248064916814049282
923083585036390406
47849682
25655307
754993691949883392
1404590611164917761
1401988343970222089
1403354905474060289
1285564544845135872
1118875452439818240
14589516
1386058819998867461
1376024041912369153
1394676499635003392
3316973040
1399469070093885444
941380778952310784
1363799331766231040
3119652276
1374532012317417474
1045753789
433249956
1378753741998809092
1395201819895209989
1392597365832392708
1301072750866386945
1275954369549107200
1368586307476226051
1108570484164091904
3260437916
802440686
1099727764406628353
1395352563713593348
1394953347480788992
236733510
1394950145041522689
1394533872847654916
1389202017688723461
1001325314352431105
1371967545486446592
1192071635274067968
316518777
180307175
1365716959476678656
3020288353
1383678298383740931
1380499741688037382
981689287
98063018
2941764320
1316760387111378953
1375060738956402692
1335554445694779392
2653347654
1299305568985706496
1263437201511194624
1386694881158914052
1387555340938407940
1373754756871651329
1386348271371624452
1386477050081398786
1384394271088730115
892488957593767938
1382998432994926592
1380417837034921986
1381102930380513281
1251029715147558912
1375733682133159937
1374297607288320001
1306946512627183616
939734732421578752
3900283394
1348393352249696257
1364775989700481025
1358928968540299265
3317114536
581621076
1366760646524592132
1365719980709351427
1360113558105718786
1535548327
1317989501793304576
2901027282
2268797082
1002436292892770305
1140951748992831489
1248123069928861696
1357394036684976129
740641485952036864
23457580
1325330535850283010
770202398455246848
91942069
1351564755182317575
1304866404383027200
1353636492128575494
926877738350166017
1358036117992312833
860366078920216576
960524024
1336189376892571648
712960718
910033201040547840
24146208
320672915
1351137859101741056
1349639562511872000
913266549640675328
1066246914029445121
1262760815536427010
52453551
1076870581
812593060747964416
4547593801
2547420877
728847526309191680
1341749317099376640
1016799737440161792
860864756583776261
1027168694307151873
2567508175
789619400101941248
1318200263732285451
992414219747430400
1411828489
4308824053
1317744669653037056
1336926287932182531
1289242426167631873
1331560527001231360
1282697569815027718
2614639129
1316752401051783175
1286123081610625024
1321623850501758977
1328922263274438656
1313722393517592576
1328131289799659523
2799359089
1128213475224801280
1321186039621300225
1249163777125355520
1078896363646025728
131736436
1320606816124821505
318246134
477365239
1170569944662065152
385228129
1323555370867003392
1310460897605767168
117621038
3623130918
306632320
1888731248
1252136615146741760
1267300196578283522
126974561
1318793508807794688
2159032285
1235311741162180608
594457420
324572249
1251233387622391809
1170305681934770176
1106076128786046976
1304991332772044800
807133120864649216
300115818
1316290269827002369
1247410926309048320
2323868664
796364871323435010
1158361651520819200
1278211679021498368
1154670690781450240
3306731702
1155690034797748224
849286278160031746
1310919695155916802
4752157861
720171175356342276
2815231272
1288847959749095426
1305997391670149120
1027734222465687553
1306670754088583170
452865851
925249613505880064
2603073750
1304951482433679360
1235297861446881280
2970024250
1600493671
1301890443441917952
1300764825165811713
1260672691431968772
1285290981819129859
598234922
1600868677
1298934809771704320
1254738208262369280
855681592940912641
1292022496045096960
1296680331441913857
1284125932098379784
2243393401
989486021908852736
1294030903656808450
1294027606526959617
894847188857180160
1734740636
1202670750257123329
303729424
161933905
2789294245
412129542
1290951861055324162
3064070712
1262509059065905153
1277162163979730944
1279667499164811266
1179269894837280771
1286794828424986624
1162222160
1286551114909802498
1252536082018648069
1100003640780087297
950988992803094528
1266716933094694912
980034072603803648
2213356261
49985601
1268789228567015431
946440691583819776
192880467
1281616624668164100
1280426482112720896
1229613518690766848
1278666124834426880
1277922566049415168
3721627514
1273917381845282816
18550381
1168101145836785664
1271061826143318016
1262601134
1270232824587534336
1269280673321201666
1269315959199760385
1266092118185062401
3453882315
1268534154603507713
1268555539580981248
901070520447188992
1193104649747697666
1267657182259982336
744558903829004290
1201364664690429953
1175378462850179073
1175417250469203969
3224119656
307487593
1262744178741538816
974323955778568192
1179651736094461953
2992107642
101400779
14756273
1258979841333846016
1106207286077284352
137308490
774456184011042819
1235954944739627009
3424971081
1257013064055963649
1256899970424123393
1255958854665482242
881230777773682688
338861736
1241126392835653632
1253725488071073793
1247057287723667456
1252434889321746434
745335325937926146
1244213655081803776
1249981882038513667
1249977913094459393
1246119729539899394
1239512646665129986
917008575699992576
1249251628953350145
1241659947940597762
959430107029946368
1194870332009533440
934443497800720384
1248153816723144704
1226445896017043456
1118482562014490625
1169840405954740224
767307021305643008
1246371280338599942
1175721243107942400
70358034
1211791141210734593
1243792472083333121
810699484933984256
1244950678679613441
1243950962957410306
1135305915794673669
378625344
1243134864716468226
1243085350857146374
4290849852
77733193
178787290
2994753804
1240831040572162048
2251540274
823845676488368128
1237652080451436545
1237544789903433729
1169675884204195842
551704761
1216177731647361024
1235916251798441984
1163249960009134080
2833151276
272983983
31348424
895117955029016577
3220267980
1185887858478829569
1116711693487198208
1222376402827104257
572112557
1162906670
1031044097014812672
1217725751484542976
1211483663772176384
564856861
784394936
1071984704314724352
1170944633074925569
1054038505653858304
900284550818938881
1179949455556001792
1197040245394624513
2803967464
281797407
1654815734
823163755
336519556
337411941
1111436394524635137
1167801484123074560
96075134
4854719014
198801217
2992068768
1175313241666252802
2436234535
4716591749
1081212959207022592
905388962125975552
1068068368123518976
1098453070227238912
1173171371410513920
1165125023692050435
859623468966580230
347685520
216704055
1524576812
931909560285065216
1170552395304038401
2262968173
141637746
505703971
829337600003538945
451039081
3390380832
2836559622
954134732584947722
3348459412
1113868299572350976
945220059642847232
1161402633044676613
483841162
1161484622695415809
2909864677
99176889
1014488563
2909945179
1121797862059200514
1026812366002909184
1153484191079682048
1144451064122359810
2901282728
144831488
1093670616
2200015782
1111197795380154368
318029776
324393323
1019194147591282688
1127741667065229313
1035024947729510403
806150185080471553
1110038132844453888
1137006072961622016
1117748674090504195
977825292302643201
1021733088680861696
1128494037277609985
1124843701870551040
350634294
826471554946998272
1060178960363991041
1054376232198955008
2261119195
1124249806249947136
246315425
1126491384595173381
1916697762
1110886312196792320
1444937814
549004828
3298272033
87639341
19435006
1038328023785717763
1112907815528562689
1116516489295613954
260688717
1116620779729211397
371975951
2295540607
1035724930044715009
1090690001283641344
264166330
1113543883231596544
1112683735579648005
919177370656948224
3236073150
2444703871
44556237
230500726
633645090
109825960
932286077930389507
1017045726247841792
3898216574
985062721107329024
44703827
312504895
971662046906339328
43298591
1093508538943516672
1089066649381007361
835786942688067585
1024122829598388224
77294002
1089882525420335105
1303325546
1061984800746037248
907799688
850483140392910848
906073056
1051063054618652673
2294143267
1085940016260341761
1085070725411553280
1079235674341928965
1081711411124785153
880779041816535040
272930160
881661025
1083205230307602432
812159858803810304
107438264
873175779030384640
1070966689100005377
1081144621093154816
438215696
787989700598378500
1079597314015019008
127661470
1360590332
1076095158142283776
1075290985289011200
1073778387557052416
414961833
1071302996779298817
1069304659918159872
4473074174
1446384914
1445154462
235058754
1012737438811377664
916835594378010624
1199344182
1004654808496652288
1045882010600845312
1059282080507453440
1182737456
962945007849127936
1014755317756788736
1113480019
993363807266209792
3322638996
3501210973
191554531
1051383610882711557
91604963
1049959267401383936
387649231
3167123833
1038635534115987461
248340482
1682321
950613750662352898
53047327
1042438781192658944
306315726
981117346168254464
300182924
492911479
18690573
994305040838942720
1046671806185312256
1044660087497748480
71181151
1034732897352261632
1582709630
1036260074128166913
1041919378764259328
1005825609027616768
159694613
1029583760394608641
1015235421947641856
850306729921445889
1027224974845607936
723212691939176448
1650065395
974862116778684416
148350194
354957095
190527093
1007648169306419200
3004297950
42402020
29437632
233807520
50885200
3420896178
3573143054
1021288110330560512
992644465255964672
2328479906
1023630115735920641
833046135627509770
1023864107642974208
1023648064278417408
98863084
4609820718
1021320470875058177
979762679286939648
1016662404971843585
851238546115485696
395846212
1002810515104587776
1003237131467149313
2191551492
972168961
739802035197902851
3420919694
479645826
313052080
44531603
968092551772123137
37534392
50711587
1272699361
997647621983367168
17831248
2921805666
2182546368
1012168840002691073
2254703358
4852837930
1002514765237776384
1004675617197944832
106791513
944205647100313600
948501266228920320
45652547
1965733333
1003600373632794625
215965793
1004651408241463296
820066047395065857
1004487093329055744
4507193353
1005001610676719616
112475178
1004701685204377601
997170287727792134
950358379234410497
2863174153
995104642764685312
34860677
202885429
353638297
931923794377064449
998202600162918400
835019764279959552
2674387382
18158130
784033950930915328
959621476679786496
2160543566
938422968673230851
997182163941511168
970713216639647744
731986794
994485304026324992
89233899
775909910479511552
923433102159917056
713319355853836289
993804684342251520
988780561056464896
852872716428263424
990622316945137665
943023472623489024
988058126212448256
984380306214891521
960149687851352065
984817922286616577
971129268682960896
415522573
977531643828224001
986638440602124288
986473572418793472
986423057894928384
3307279134
562595356
952875639522119680
142401221
3004432843
818474013789855744
47590117
196484821
1314658350
798578922296254464
907772698020810752
978601292124704769
769570439324536834
894155867519500289
145882770
45991216
973741279573041152
25047528
975666790322798592
975664247580508162
975045769664217088
959257947229564928
2186115295
732062841700651008
952071040229810176
1956529758
2429058074
965058274042105857
937531428232871937
201912331
738032391856390144
750636650208919552
56599701
964788680136126465
734177272588992513
255867784
845933766648434688
958694337273049089
964728403071913984
966468731995086849
966304321536061440
803464542940327937
799272647997603840
2547416542
963226760438427649
915332197325795329
2159997606
3823237579
916144155985723392
2248747543
959628578047500288
630606700
959428112126640128
960352550380687360
960102427629408256
3284157168
958716037372850176
4187960543
1353452766
70294192
786610273
784466900063490048
1272119545
835652197551525889
235893229
1264661900
874540124083593217
20365065
951006270877663232
3810457034
883607847896047617
951989703900725248
250151922
3060928797
738297729768521728
2320670221
366316365
950975934139518980
950707804238761984
2985334969
777770080289423360
77741237
2799948098
947777905001500672
91886307
777093685607403520
948015434275602432
55260661
811416052961710080
18300101
125048770
945926041192689665
897442045723164672
937552528438321153
799667451965255680
938672982766977024
758491512
3317646968
944898206848057344
1154019091
726803421081169922
101030081
937927910656110592
164874125
937607906576408576
96258343
933988619802492928
1694093658
932543976606875648
848337920612335617
930820384651468802
2571492157
2176330802
748445222917521408
931870753653264386
1336065025
2585077494
281842837
922454320699854848
930641470175961088
3086745037
1510337990
847126755068428288
148064230
87913678
900984947275571200
2714077454
18308562
322325666
798080660992716800
925605483330670592
867510315679744001
923865409261944832
874575368224514048
343938351
130068893
916923855804940289
602065797
867907335490080768
873097808156295169
2778098293
4168311618
915746546204819456
836552209630273537
782606285736816641
897743856698970112
175369469
889150233350873088
4267071013
2901583441
1652813160
199788091
916953890179883008
3261145632
225340191
2365071192
131557212
826317623625338880
881485688268443648
2685990562
907318710498721794
912239264196448256
45581483
263574646
2939710172
909620481162043392
354307976
51390588
907623306680975360
829238971075067904
903200096002523136
298173369
77185017
905189764755857408
1693858765
905402942227832832
66084701
1232397817
3146301582
786209377011191810
903589967049375744
481038115
755616951905292289
895741715365203968
823026394720411648
755998612459442176
701337323384885248
899138123929538560
894968685395181569
836768945243750400
895035321829785601
864843887185076224
895199830321938433
883953600749121536
890976052679286785
2279128206
740723277773963265
2958140804
894100164289249281
858586961560207361
892950449786978304
890834459074772992
892662778435035138
288735178
508149560
891646541232001024
769570750634221569
889818701771325440
71750947
914445720
859991661597806592
888572498635137024
1678094809
4493216114
882303487412805632
883714509927403520
873783900329390080
2248391294
885690965637316608
3144797610
384765080
2446826047
133213081
338374144
824036089073573888
1860862226
774118405938876416
91298773
803136147081805825
818745074670415873
259581379
872723700642045954
879409094154633216
74685265
1315887038
874893343473504256
876239322185441281
422578133
275986384
874255146053623808
774477150334259201
1491878744
864398608505782273
2313572467
873116476781215745
872829155850584064
307119008
2900073937
158252120
865406793496764416
867738211816136704
866184437268180993
164211388
3232319268
3280500120
854783233573101568
300470120
214344352
867200905329860608
841473418700636162
1461382848
865481020375613440
1674715380
4774407817
862267018140987392
729920579990650880
856416688794771457
2991320673
2791077871
860138920243150848
139320458
618044978
858295910387728386
841908060914388992
794501838590488576
782122466
2586409795
179394651
37457062
856734808524734464
43828867
856008770786217985
849146189249363968
4076734640
377994259
23593070
854558715176931328
765314610
88663848
851981028830961665
833013145832534016
833033304848769024
847854972511244288
749379672807510017
154490597
579765750
1650023899
105685009
847273925385928704
720202343422124033
800726265569259520
829325088008859648
810781785428729856
1497469477
826824404675895296
799131374825283584
3270800456
75284557
1424575459
791656836285902848
1469921275
130796075
4643747594
2589552194
4199148853
3280796203
726217348735094784
754959074060414977
839067402436370432
483695128
2949510896
737946967523876864
836351926312685570
334667309
850694359
4349784856
798341384595914752
29395856
2681024892
745267368994082816
833147489490391040
2682635868
832580268456235008
2504956032
2248878937
355895166
4771431312
814167776860327937
776020561432489985
830768327974719488
158661725
830342730828034048
2242345580
7852422
800570610
3035539754
998796944
884506796
827162862170759168
827139539055452160
440230783
2363567233
825179948570669057
1483565718
793776883850743808
494706009
1543950829
1461350946
1524792192
1319778914
2883599497
1614351715
186000885
811416802643165185
1479074700
98340297
3263041104
4442178972
788704016213475328
969198858
2299368078
715730126906871808
724733688311738369
818358077757890560
1731890281
3780878834
817295731056726016
813228811856670720
1100298074
560101963
156560502
3309001706
1419859254
3239858352
100135699
811632852487942144
3649862598
811404742333038592
810142212658860032
485254523
37301338
809334802734120961
824411042
719691347691634688
189074090
801361158750011392
803101742241955840
176261972
393633717
800925946391867392
800567313439150082
58163734
159035718
108981530
2210883103
3158582995
740200907497840640
786308904737247232
784670732819177473
795266310791827457
221057244
2579082302
746634119510114304
790815483461238784
39151576
768713023443787776
175301859
762555159935410176
800651539
788766525347856384
788252562189410304
918337909
587155302
770557245046128640
4631857775
57342373
77414770
291631201
2767102843
782187099424337920
67531609
775576933539074048
3734535379
189764209
767746317586227204
704299574031052801
744894707029835776
711199469140770816
776811415294259200
113873233
982217250
769951232383262721
3359164873
1389002779
296315246
48667259
764327456215961602
756324465533919232
3300246436
2587506254
532129337
769182933244481536
768752983492268032
756895475362570240
437558067
748038737813250048
765728375696613376
3988262121
603588908
753411199199506432
678403
757129415008542720
759024314645553152
258393487
759204216925749249
75072068
3304172127
77165249
485829166
3016318883
731021433552265217
3318394279
756807113175773184
363129236
58298071
1665423584
1341582338
3692364556
2803564788
1433707476
3306825669
3252383654
752046523064602626
205758223
703460727785304064
2456831126
61383075
47883809
107982685
4812977248
3235094102
21213569
2841439688
735789113098391556
45120510
1880160486
743297995584606209
88423282
3692227519
2918261708
14451639
4158476358
422179971
742584109256441857
3438866663
275437000
2751656936
279356157
14862696
2493832147
1828300945
735333877749829632
735002973437198336
3238399021
734626291459207168
733248714660175872
556503019
1134337759
1010286067
2174325371
877161360
2556499237
255340337
731088138148450305
3065960971
726031482251141120
110145338
42815521
3255984516
3258096427
380154160
148690218
3774931632
1113318529
2801789671
3262972482
725216447488643073
3256453964
207153806
3424814593
421026203
714368833872498688
721244794303881216
721890159189315584
941061542
1192758680
3195311636
447106849
3390784372
719788423096242177
283331765
417851416
716831110685044739
341381266
719658342071685120
1440046272
79373536
40978359
2751721974
2984977094
2696931805
712307101540810756
1130757752
715562548322504704
140660421
197720350
3281488452
77557668
362555040
713643666628169728
711173903134040065
206676314
292755632
4670228353
710378268893908992
1632368684
710234744961642496
84013792
4054848074
701033622535536641
314509604
3328193431
3301450162
1124493096
706037985469333504
425560267
2587094814
2577107521
358817248
4026932594
1101069811
706734526202933248
699564852096819200
706376709621190656
4835594970
3249375932
2832991339
3732725234
159738808
2577072510
703739593628057600
75815727
3168872652
4659556879
2850571008
708095395
702439401557790720
3070879711
4824369924
4587087614
4269297319
154829445
336608185
3243996630
2611445761
4732802424
4902563820
3032842490
2149950235
81815687
1227092300
564785895
4882354423
4874890777
905731945
2823932886
4851516151
4684421484
3181221709
88953101
3157756208
3326295740
399855980
1556114527
1472754410
2451866990
499556666
476635766
2954497686
2604896792
2342977771
4773088272
522823591
1077100015
4199106013
4421625672
489800876
3162808464
4786842979
442816583
3255078828
4773358933
4771745402
3470565080
1964084828
3183833568
2994020144
3263566556
2926608612
2995177566
4742564354
4741265527
1385798394
4706976552
2615723401
1692568916
402526551
46377351
136647345
537930945
2908928922
2397310226
532177810
4710947923
2352577225
14458923
242694414
180697533
1119486739
81763069
601059627
4641976160
824906149
3268278607
290311881
464135927
34938082
116426221
4647592388
4616932999
267160786
4278105973
387028547
187426857
481713469
4519819733
3668414354
4447681994
4472719639
2460918122
4438493173
3287130769
188337762
2997339397
2851974661
55603704
4335804497
102273980
4429663993
3458443033
2208160441
3435745564
3065415829
2300361229
602111373
1893445915
2893424480
2801419992
4039109775
275916000
65470990
461082915
87387816
3470425940
3446553078
4166015652
372601544
590438350
2749803281
40693157
2260165561
3307811342
231018727
3427281194
3789979034
4086551539
4000013412
2546851984
3913474818
2804878128
1613560472
3947970733
376137098
2959080000
3349026192
30678940
749504430
3782904740
256816456
3220390171
340259458
47002981
294721739
2368156878
415198046
529253306
248172356
3141191024
3009308323
3343012213
3196036429
207404407
366145867
3401555652
247818543
903294517
3551026820
3036568266
3544797980
769848864
20151207
1422830503
3269751936
827149344
2449673850
3293177971
3418910292
143637913
2535396472
955616107
1579874994
161904644
394412901
3061119531
2714177677
539865648
3361406173
3360925452
3358840573
3253672556
841857319
3013358485
3320876562
458280819
3318639114
493560776
16321466
2699674184
3314767680
3312028669
1069743223
3134198816
2819582756
59663146
2308512542
3306994916
174884527
438108056
453941566
3242938855
159106771
3300333571
3299916150
277006290
77412378
3037618285
1893046879
289117324
2575560097
1283454896
65379505
3282851406
2958885056
15654923
3265630309
3277934574
2455973418
44290341
3272102612
3271561124
519974601
3268863786
3162531810
3248485410
3082269558
30408217
3255013616
442957259
3316501479
3251868206
3225052706
2856100730
3110181541
2750977952
1574739620
3243361645
2853122346
2192477930
3192381522
3248529859
3332799321
3161283884
3246339078
3246341052
2650154899
2800830332
3323669572
3243851990
563631497
3225839161
993236292
195049978
1492208216
3230234803
567165653
3300540011
412087138
39276011
3223843843
136821374
1271773580
1435245788
255413103
428919084
3017443320
3000857343
333394816
613708036
2873063550
3195438788
58708479
3192159007
3190662222
277473599
3198689584
2437782277
198368790
3191679997
429821902
3188955404
3188414094
3186732518
2841394292
3185929045
12257962
3088262137
1555217184
2811403700
97423552
3177985897
119398111
3150758551
1134134377
60037279
53011657
51369879
2943715926
546704478
3171768132
2509414932
132175154
3020794856
2883284636
515668635
563799052
1427181812
277509445
834317017
402574616
15464694
205530535
394014617
595342814
1321584925
500695363
2799160303
3012803990
2459029153
2802999409
3115691204
3152850718
15284851
3145822285
3145781670
588105043
3114818257
2355805352
286727365
3142759626
3068181781
3012301958
3137170192
340213081
157962423
3129648793
1540902782
204444947
1914008299
3061392633
3120330422
3114921991
11215382
273928323
336123281
231483809
3083710482
3016806368
996347958
451975981
889060374
3071216820
2969452022
34818393
2958653790
1274980712
1152674184
2926263830
3099797636
2831782555
56641847
2822344364
3096877950
189250637
2950464282
3095434273
2998025125
70919306
1322652535
3022160948
462589891
2919600804
3084540344
925666782
3071113734
3077402821
3077199840
350732383
2900948718
2909620560
92107338
2873117463
131115477
168003522
2242208876
1126592336
1443366440
2200559119
82041402
408998138
3071127672
2445448934
2397893550
1038949472
2490733537
3040785235
85027840
3065207587
2685036301
1062448639
727798910
310212145
2858068064
2787506930
3052816302
2378424290
3029150258
3034512498
402584049
61765130
3041181097
1426781456
786604148
3038283853
2995410828
3013451688
84210396
802798807
2670004158
2820793033
3029450503
3034158919
3023702576
1878379926
611263245
384362977
732734725
3017534322
1409488296
948945398
725617784
2834228604
21827016
2987739204
3016923391
2645604667
2301116514
1389798692
528986661
2849536826
3013286562
2986430954
3023579068
25046160
2300442452
3009466639
1090656085
580989672
2960008723
171568210
2988579304
416742842
380321805
3007756796
3003599563
3006125150
1572304219
2928797107
550969800
197647054
1531240602
759371196
39205749
38177081
294705590
90996118
21386241
14459047
274586692
2972037669
2919926436
2941029662
2881529437
401828243
2991977250
1897494932
1680114680
1614282702
2989117804
294681640
374999553
98601958
2299142502
2781669949
1258543100
574369638
59138797
17630336
2889820815
361714348
990099782
37211789
2711312778
2958496315
126922712
2975429888
299534435
966187188
2983930734
2468371946
2922228912
601679596
630285753
2214485840
371324225
2383655022
1689905324
2936230159
1419655020
617751644
548520079
176317026
2975607926
432435887
48765772
37900469
286021980
2965569854
2935626404
90881276
2848681687
2892850039
1479413557
27058754
413663859
62768730
382174810
831318284
213930161
821048940
2458900322
564667335
2962578457
569233502
1477793401
2954554974
29357148
68975012
233407257
2483081640
2956324455
287667326
2932408388
17869705
2520587280
860977140
618791086
2955804997
203397445
2940527486
2945315760
333400592
399877498
1389262008
1538472830
2950311919
2853200461
103456052
417459731
2940419641
2945261767
2942849137
2904358908
284085405
606366420
2503415641
2705671556
376707076
95372739
309479882
2341351668
2687239068
2529393397
2540615184
2733503460
1968006062
2929017102
2791542725
828700814
2926679789
2933191268
2859112622
2922871553
2924425599
2267311838
2827551522
121992846
2261485502
46870928
2912114621
469039375
502871793
2923398655
758657623
2485709083
2766113311
287163619
2896174975
2563794705
2918276791
434764595
2693145374
2838081697
1535404574
56872645
2909069076
468077173
78825581
2878586018
238882198
2870250253
505869771
2902772102
2906271152
2466908980
2205621395
2562261858
2295476216
2904446401
59419156
220269741
2860770479
2830229023
2469205638
2734585932
134805636
49208040
2887836798
1548667032
2884252514
2158185420
2890650134
2891561238
2886938071
1103105708
2529385902
2613533804
2468887890
2883182214
319193890
169325935
2651363934
2380181216
2878108951
2878493089
2333624846
404894614
271944450
2859511964
2582263586
2857711212
50941941
2317288741
2851441244
278975657
2655554606
614068307
2855189120
1929293358
27605493
2855698848
2500477334
2853264072
2580656060
192795235
234274991
151402793
1940955482
2845918920
2807444802
2345048180
1470300906
2841625597
2545604761
2670379712
1612625718
2791708301
2836124509
2798746843
21842913
2450627048
1346375977
2829253838
214922759
278936995
2817078871
2484802302
2785211318
2775826922
14844424
18034044
2801125590
763818193
2269055612
2436753774
2486125466
56703773
2781349032
2813010085
933849194
2812427503
300238635
771187363
2805196537
1346956676
2754567884
27895326
2799393002
2459596158
452343556
2728405998
1527152922
336232610
2728863660
2789546144
832683854
704679097
454082013
2788909543
288788913
1342076940
309039917
21652217
721855237
493002084
2777318082
2603182207
2583851287
2775599563
2721413101
2768825400
2725553610
1487934776
2457958812
2757797540
152511789
2600762160
924625147
2747900618
157985834
1141480057
71143566
2734201628
2723774754
2725662942
98554100
2207304865
2717083454
2717193217
43295464
33458179
2495380188
2646807170
363530187
2703977083
2485664366
38844551
1469394896
2683915878
2248195363
2697394303
2686721911
247952824
112054826
374890453
731921118
1856712703
2443298330
2597745560
263190927
2666082858
2665230972
2662877658
22363056
625331706
2647767668
2479530686
1121399659
2603585886
32270028
873185892
2541687588
2556651018
153637255
47534891
2610862794
2443786880
2504686830
353556798
328401782
2598016591
2286868327
2599144820
2594634829
2598944756
1038343052
2596142383
2595733231
215976285
1386800538
14961729
233473749
472690985
1692731503
708655411
22615527
2586782550
2306411718
970763484
2583173966
340696624
2553996564
2385560695
2580769579
123629904
122873873
2472356928
765191240
2467045758
2568672110
2570892446
2570133066
2422197433
576954666
17311068
994867578
2558068616
2474861743
2547524647
2543216766
2539020955
1227685320
2536805912
2468733571
1335820836
2534336366
628211607
2336399804
14783190
2474167026
1594513645
163374749
2448546613
104373288
2462100205
52034013
261565123
520137693
2489133710
133692104
144604538
2503247678
2503616394
2503327429
481084601
2446477214
2498034679
267203967
854808002
138786918
1402737728
2475568050
2491041506
1944649518
1448555011
898274095
248152511
2452325185
2456618108
298470471
231825635
2420781842
2239849340
87049371
2381527952
381421454
2391183127
883636153
2465788453
2379729138
447883800
357535949
2352876000
2459831394
107650577
2457316304
1191722976
2456185465
2455826323
2243367565
2454416586
2453253289
505436540
1248471181
273965621
297382951
2445922844
2445364302
2373989947
2434563126
2415793184
2439942896
549909109
2435015034
2435030732
374003998
2432831755
1534786790
1138757574
2328639452
436616615
994705351
60015189
1241228214
1550541296
439206166
744701820
327283468
323795891
1141198580
982772407
2263621789
883616204
2393525580
20898557
2411304522
50205528
1958453275
564348746
22578053
105698479
1448759311
85975498
372827978
2371575686
61344999
106011903
2280799238
2346151010
2348400152
89668745
2350159602
340671019
138087213
2390829770
2277305882
2388317652
981327241
99918827
2386520677
54869709
2378032956
2383939843
394093942
2383332296
1228576466
2379934656
2330199073
2378807599
403862542
2376469166
246709234
186449753
213996100
584541963
18317211
2374833631
1975192177
2326366146
2370526856
2368886545
342788664
249433791
920454500
187457899
2362732776
378549717
635090239
58084287
719361806
1025493013
2299118569
2352861420
2352712098
2351130540
2348566543
440787478
2292561901
438363144
437411978
2341802191
2340371467
101236849
2338705321
957337921
393525008
471155908
2180136570
18099511
2294728040
7865022
2331595532
2325596654
188332916
2262806930
200080522
2329766006
457351513
106993237
255975955
413982137
525922386
467303764
1142762587
60145712
276327545
284671017
1960050379
19333365
78507512
2302886796
2288926508
83144453
146760346
2306582323
1208710801
1621699052
1670591870
2261015352
25919298
2302442683
2257238306
358034543
2297809735
397184140
2297278632
2292899551
627603567
294451268
1686039444
369839824
2258478169
2284503420
380223077
281378954
261283186
303201146
390487732
1182201055
600011968
324357345
101441356
191586843
38807253
244272686
2286654451
2269870117
2283728150
133624548
497605347
2280274010
1843120902
204169169
2194116606
2232659635
33829230
225201987
2276039227
57927621
196562054
287628212
1605950707
1324152098
257757884
379654015
1059155670
2271671017
254503255
547720747
1867087003
19922597
1964462462
2268336445
2266852021
2250491569
1453023889
427057403
853265701
1687278986
2259028032
241190249
572325679
706616185
61775429
415498279
406957135
2213482951
2249781902
2249997470
2249681515
2236999560
2220742260
2243335176
1978491680
900908378
24353510
165469222
1041599293
2226122677
146270348
202698482
2238010622
2235524540
892395103
2235611430
2231197075
1254519830
1643625103
128614575
1409537256
444651778
2218896847
1073052708
285040823
472576450
1946745162
38127585
2208259592
1399203362
2181665695
2204210966
35182157
430825754
1874710525
859549442
1978580311
76599635
2197430006
2149982498
96609996
2172283639
2178223362
2185994401
2183569945
2182230775
978462672
1159790935
2178025231
1951381304
990377953
965614484
22653115
2164394540
1925484571
339030522
263661552
2162926848
2162281070
230174670
1414821086
869768280
1723960698
1664165546
2152566745
2154399134
1105490886
1977513872
20588564
269860631
1095478458
1962218840
1964415980
1493258126
1246054249
46714186
80255467
595478191
31424242
121610805
1945883444
1942562202
380831804
1881806118
141615861
1929229483
1053627518
183161856
1922142930
1919644526
1916093983
1307169391
605163674
1898037686
1721638344
1634460192
1107684031
992265602
1874173201
1622372106
1123303916
233086632
1445755968
235940310
96661954
38153140
81969201
53616322
1328994643
1088514288
390820331
113930415
96389500
1497656484
573172084
272088755
786578725
1721302717
1681036267
1710680281
1680561042
1659784111
1702175575
1127334882
87908385
570931945
205616707
1033625587
397910280
1336733696
595092089
213512971
1682285731
282027498
1677186914
187455585
896437640
59250507
310362513
1604631518
1656596358
1310971111
847086210
1127955722
1586197028
1644438661
282161299
1594858657
109484228
94926996
285629607
1612143000
897668180
231315726
1621830541
223340086
1562376972
200016878
1614097519
440433442
1181472344
340221422
1605582434
261464408
860452226
371637154
564707369
24661776
20845560
135921602
118995103
1594359270
267835280
631908629
1530052598
1566917569
58986278
30441077
25213054
1549509372
1445306208
353672660
146035867
429719152
224290646
246330666
12153632
181213724
1504193082
625677812
1291286330
1445665562
900378812
179715254
1358638909
44106519
705090482
822549666
714299611
21386778
861643831
1399465526
560976646
1378747855
37883868
249389494
753405517
1319827542
439271360
1434854630
212061107
165246426
39635032
1284615804
1469839957
1409559859
253999621
1261581750
1252881420
1462175684
1460777209
336150921
715239084
335089705
1312605913
200352506
294653463
133587098
49518211
1407080322
48389930
1422834013
574401956
721519230
204802236
397265652
1384584787
124141075
1223682343
1395261847
1374765302
1385317279
90326136
396449405
1028615372
402781071
15776170
563896558
804037460
470302986
1346541354
624776625
1324035649
425634110
905544985
1346109066
759197293
541252967
1346836321
994338396
112792841
220949696
1290463129
1276973323
498650529
92412950
1032171871
1297905896
1239047000
1243495490
134028825
1327478624
1285916786
1298453598
1324526107
164933638
244003281
1321988802
256441832
886529238
901566062
489192565
1313152087
323074777
1298466024
1277947524
962763192
365414136
331560547
26412181
805445
586663513
1218720950
189923632
609263472
176071025
14666323
167158627
716155776
1269655603
186015962
281606587
1098123031
101554625
51769038
71794986
519542987
1147395188
316345081
122595044
1239228277
1238650970
55481533
370001233
731734134
988093904
296727614
380243236
297144930
1149432151
1174291927
92926386
212073506
381362499
418278453
598350963
156992580
128876400
285587485
1088493542
452789340
625243415
224421738
566175417
1114707955
595080428
801054764
122048035
85776326
369595683
578024581
521090723
103499426
39057429
549410290
105334201
548218659
1066069147
965690348
597466458
182210709
1054578104
27676483
1036547288
1036423620
390570597
298927150
213627742
721605884
72797694
408369364
84097043
337042959
560499258
901392037
552622799
295159513
913806882
615170564
270918712
56116935
84303719
307849016
553300854
890120238
888113720
485629749
369464604
107879532
370621424
221479485
875097816
871567314
44264740
839487445
574546583
867546714
821660966
508429158
712415576
298440819
232388989
90145439
618205491
496435447
283968509
120805288
779459412
808325311
40162383
149603019
781768063
361147247
58852489
748510370
630369126
15557335
758463181
57549498
137542598
564549300
79111198
147903447
148930369
79788186
454645641
464780353
368696655
537996225
11988062
159866780
558654117
288307349
76577609
62773311
600513386
600640483
195598246
5380122
573597343
569967723
563758667
103811659
331759405
514004120
544973035
544083348
435077903
531070519
44865075
464541479
508164765
508721678
507481782
273813193
70620307
85960455
34560370
99961167
287514391
192456987
34234041
21634483
247800580
122581651
482765659
227788470
473108381
457979395
41286057
133142711
429738882
378232296
143027261
44882350
262135439
151833953
60637980
50414668
70375302
261054907
312313092
164252029
371502694
371130351
372172321
371294036
362937531
64705676
31611742
40628724
35482645
25013603
239256651
344448729
343065963
67524979
64356533
38607284
91854020
323086582
64131956
209234609
27228860
230474184
173149432
176650882
18159213
26528985
281421326
200895391
29277103
71996170
275876839
275375988
273303705
211767867
84480012
41991556
80267882
122265196
103198554
88837258
240064619
201984437
46850685
142138121
185272191
35692316
86728053
172654172
109747812
228582322
78787396
164583927
136812050
