1337619291969970176
140836138
741752089
1252246616590950401
1429752525276598275
615107253
745328966
15293978
1414099283725361153
1426467816039796739
1161929531789152257
1427651225617534976
1428197841181188104
1849867898
928810802856861696
479641174
15830244
134709630
440517667
2611475892
1398975824963850240
130531419
155491093
207960641
821367259197153280
166824788
33630308
3383216539
1396594587737550851
1412996429094670336
2243125080
3051216962
587066782
1415884978303377408
23270466
1361176643474087942
1379048157682667528
2267244110
908026791805165568
565319429
1281136778569801728
76873
1387975772405522438
1239137497054998529
1317177634665779202
2349368154
779934211767545856
3293917952
1402887003784445953
817293726246518787
1354752992189194243
2153659129
239736955
1273081684628393985
17630336
2962418690
1357180194910478341
1245232470200479747
1374373207977852929
81898164
1150522539040362496
1189813827627470848
2885426829
235427762
34197962
398839129
1289992947669188608
1356435512
855148789
1391045294511427585
89540653
718317456
2259573895
157363164
97831076
1151657177506934785
288636064
61709756
1400608604785238019
50907108
905777173134376961
66288781
15464998
219626375
322495538
1400378043554697220
1328181186850504705
1064424920086528000
148844205
2427360840
148197093
1374181576058150912
500924498
1385792144116355075
1513150530
3029458749
1356266916109697030
898132581656350721
1007557391439675392
806339672750206976
37164677
1392597365832392708
39221052
1331071101745717250
54346331
1151804162566320128
2614487347
1542970735
32762441
1015922876094922753
1388416038933434369
1383404738696253448
1386539638773350401
47507472
2407288280
56623133
1382974799962513411
173149432
288162456
288630807
2940691352
909281197775233024
3012240961
136624735
2506433724
875551073569693697
1041466678268194816
1379059727418597377
1379224761394372608
1283027387744047104
143765902
1320729411654688768
262628394
1377598094485897217
1018332941192028161
1372164380268371972
900297595062550530
978497564290011136
1375474179747803136
1079180693161238528
67787000
1077920790580887553
58753567
932284215344766976
37457062
1126929657939386368
292313336
58425361
507037967
134161638
922472513405321216
74356764
930027029197492224
1368807516692385795
407106479
19923514
567188663
1369594411558969344
30154394
823394366005727232
1071179267176890369
806482993
1339245806222598145
121660746
199617419
1350870820223143938
1515643610
66315184
1365882629342392328
594855729
1356947392944238593
42531825
974674406
1243777810805604353
1188367184608673793
182196525
1417005308
107932015
1288158941730312192
40834073
1694652295
1360176398799835137
1229063210092810240
1360976043813658624
89473024
2394338010
2537443693
130982067
889701400661303296
1312348249378832384
595313370
164284207
1359510311301050369
113098201
992778240820310018
1357322345208193025
1332729368859185153
17698564
575896010
938002746
218393998
107090034
1239185666497548294
70138159
1347303620320972800
350122791
3107735118
4689147938
1354626732611919874
227482224
140427005
315210827
28537908
43344566
78267080
148208469
1032208768421879809
74929348
1353356993306607618
1353012193457934337
4191350352
13860342
3802674252
80804990
864463076229120000
852048500619485186
27767161
1345360148869496832
16663586
2616611869
1347800893572440064
24662792
1078259028
43260514
1121410726562656256
41590090
147066209
1322406135803105280
297150466
1150685347061227520
2262891008
1331877673379852289
135115005
1691263434
832973563279708163
271996018
4695123914
1348795078936915969
2736819726
1280644985289768960
2527806805
35942219
855006450065694720
936067513732886533
4430384352
289846435
3222091428
796364871323435010
1285956673874452480
1100731588084547584
44039318
886805001212788737
390633724
1222164652458557440
39935975
1287355638323056640
1281873192995287040
1347580271449706497
1335112058463916032
27285490
4446344795
134107441
1270311786705588226
1161191513881104384
251456578
932547451206082560
1058700187546218497
156005263
3024669420
1271695048422248449
3099790651
1260703295384850432
1678090988
913061418055770113
772091772340015104
1246670425
1345990901219303424
1223577219018018816
962243562
113873469
1345920980854554625
26680894
1292472875467735046
1240063228832395265
1330130446630481921
14107081
1023037109039321088
1326863367743614976
1231561708725866498
324467852
258835032
404622805
1334182658180608000
1715337716
806139456675860480
1234802391033106432
322761355
984274108895522816
1343342162277138432
1307394719433912320
4461330378
1339743296420114432
3282121808
136205913
3322638996
439220074
250781586
1307054248102957056
1327192738568171520
439055453
724135593458851840
1233900373816905729
3167607457
3085165621
242834159
39700430
1339855925197205505
970315288049848320
363454120
221678376
1145743927112167424
241771595
200803055
883957916
1329058697230868480
41129736
1340953740509995008
1341037636027183105
1340909364119400449
833980519
456618662
1218768923916558341
1542592758
918402026702327808
58461050
17216146
1322859037310869505
1412512963
1340887706302234626
1116848426
2776069376
447976592
3274591806
89066916
584621395
18153942
163900658
1332505211974213634
59432636
4349752333
1031749930145144832
1340893194356051971
35415789
109262995
990395373234536449
1063798748571041793
330799396
2187259862
442444271
92775016
1092435517050892290
1044558085111468032
1340891668568973314
1340147519393697793
36618215
2345232397
1340888729112596480
50245380
1340878556193148928
37149263
265927736
1073421876716724224
728154779772313600
1149711627027013632
5405692
1340886082758430720
288664457
1317696440529907712
1314483176190832640
1044499865655332865
1340884395419291648
763936747
489156090
1340882649968041984
903166993364246528
495711373
43523959
1338285130058670080
1321825017600995328
242302155
1121727500
230575408
96074319
767675051164311553
1300828839203930112
1644598849
332101692
1037743406938652672
92313781
4756536919
235244154
117112905
227324956
2333347658
88147740
343952529
2814043548
378479041
97129802
986278351877750784
2956777441
3528571154
1340872281363365888
166114595
1258396907929403392
1248176636899385345
153340701
2679421255
579415784
143389202
1313756907320930304
1332164135908302849
74233525
217095321
333829388
485482168
321046540
554278732
3265926402
630479151
1315839173861892096
1267363051096797184
44511798
1335907320144936961
2314330453
184732170
325505879
2842386758
1340872754560528385
867322947018473472
285021090
917224017416798208
2940748406
461844209
1146742232902295553
747006690613071872
1452061208
61080140
256550163
75196180
217687626
37578393
52331245
327246080
830800976567087104
1199700544899579904
61976987
67920432
1160891970
934231430439116800
107674903
15045907
47129194
2570522862
1008586312230699008
1490445654
1547216012
42797604
818880774
1241701006171230210
1286282958341455872
1239319774644994048
1320034391926525952
410405337
49877951
39717427
1286415878779674624
23529979
391316743
233541630
28473144
1266010008866586631
2603443129
42660394
2669665039
1340869584992182275
521427922
757968181189152768
2271759420
121066070
61832734
3316643996
121731240
119438831
17437784
1174347673714868232
607366673
209136130
1304012614830231552
250398326
922269630227349504
552340088
845845449080680449
554331439
256603492
401446596
1076424118570954752
1001522822345261056
350207958
1202757468234760197
240177782
3226833104
119917878
1608218118
1323199314126987265
2879540462
820551716433080321
20746221
221621826
236695663
25469251
49945247
1340865899356516353
41377713
47324859
1526106206
593458209
233805154
2295250674
23211161
576301980
1046785890
1723891070
3221324564
1225668331560042498
46837390
160893549
136261455
1684688918
1952863688
1143363135522263040
30582866
205741034
128139612
2753725584
709809374688972800
262172656
106347871
586650528
1001424096456982528
2878628844
18673746
2418783456
2744014855
74970616
1127606481346387970
198010315
32295848
3052102808
4458835779
245288254
66338860
11053772
1340862299830042624
827690673205702656
21184922
23573906
2913207571
82710458
719697190646587392
19287560
1314945767438606336
1247740300740583424
1280057869
1213767515198779392
170313444
982462513701793792
266962957
805908624207814657
1282588795099963397
301458078
1203676755086544896
765665340550287360
4641869040
183894570
1278692864092827648
43241920
3281152603
1226172338112057344
1067777579078246405
40509191
1394999953
23180622
967245364779663360
209623896
3067643413
1085853721580339205
1339881047018782721
2246565242
1270370341081284608
1141392430928842752
42192277
783889668119027713
350187513
1296823619994021905
4451541732
1296431647408238594
1312911437233352704
981614857
160854452
216361164
1327509552011513859
2240005069
23222641
2997589166
83741630
1285370512999215106
923917068893691909
51958394
614495244
262690691
1335566246960500739
1033121937822703616
2761464256
604909564
859238965
258757328
324388103
366903920
1279315726143074304
1246852041361592320
1087243970936168448
2200647066
93185121
736543456911200256
1241713418
1195670613060308994
1310732940842864640
1202390155639713792
1252529499788308480
2654344076
1110205100243316736
347850691
72894539
1133054181999177728
1335942254448365575
1335937243903475714
1047025941543890944
1335860908598329344
791689005095985156
1335226708702633984
599859037
4824337640
1334876295549763587
1331507852188344321
244014720
334435918
17462050
1334865589400084482
554188949
4399640113
1309144282230648832
3248601913
374375853
1848964195
1228286154069274624
367011632
947625588616916992
1302583172711043072
53718540
10412512
1163019682779058176
574879640
957320119
1324895033040932865
1335105640021147649
37169809
610597555
20415720
1136119039850209280
771206443823267840
2961767736
1289068907093831680
36693276
264302309
1407761876
1335041661202665472
1241514777131618305
238583807
997616742321897473
626178782
858272730398965761
890237297748324357
744415784542277632
3182328396
913382174744649728
58163275
280791361
1255901559252152320
793984137443024896
1231484971862282240
1268357617379708930
20285793
1143715343010893824
543052388
776941142365528064
141552353
1656708416
82046503
448991298
230073734
830067602265300992
902702392545828869
323130126
1205328323200466944
1334883401837334529
2302738369
2676702829
876492745312841728
502323848
2174283200
978175469693517825
1324719972786995201
864345067653259266
877912458932912129
60272682
1334872698107772933
1325754424204029952
1223129050425593856
189213952
1094058222762094593
571456372
348281737
112075101
102072038
4644017875
629643211
21739071
58631072
175167367
116432873
187175054
826054542
1272439743855292418
1225363338726502401
1359328988
455644750
1317090310212571139
1204666881807810561
342602156
104700281
831048859
1209763312625274881
93330713
284298219
749514878130352130
77023060
873327918671319040
1245776537997066240
482538967
3316634318
315104413
1334846557787619328
368828583
1151449229484650496
64357239
1258828801556885504
1226536019421364224
284291594
179523738
155149137
432626992
75202945
1136080316173393920
846343938956902401
1875572671
2810333750
869437093918892033
30205255
1208774102879633408
1242279207201210369
201320099
470845867
409343119
844567235012177920
1304774049483034630
19596262
720511016
758654500043304960
707906211073490948
1031970227913805825
2656752390
1334836049202225152
2343194828
14706710
1139185470636605445
1272898376015712258
12211012
2814745753
393103733
974922592254480384
14348767
792023666628276224
1068755670273380352
1012850460
747792270607298564
32362521
329082209
42189373
4671237320
1257803900825919488
439721282
893156218826444800
29437829
716746296
102224702
20574325
375542690
107360993
199578882
2776316046
1265477445097934848
4023516980
1248123069928861696
235889129
808871548400463872
99851625
1334826094654939139
1239039008774033409
817965924032520192
1260393223651913728
166924163
701267846135836673
72752228
2884530108
1309051223551639553
1094857473331064832
1306436717004558336
1000023857460211718
881734075190464512
2355789967
1101477694921822209
35435987
824421603458977792
101271607
11121682
324159410
727011590298460161
828641244
1085512415297527809
1302782764626751488
3186030762
332347646
1303892714883182592
2306776956
968835216625123328
220909434
711034012068753409
1267256559681171458
1289751894630440961
249741144
2186109535
228358615
146327122
35690944
3134160536
113004488
40680710
2775793796
1058431621
76253016
106312894
481279609
3890808798
2456080476
1180320622494113793
1058663442880458752
19385375
2487169340
3846524121
397067237
735972215817043968
110963363
1168646666775224320
23453604
127778440
17123456
168992818
1249619398240784385
367081192
910417999332442112
2374948220
1324609365932793857
92226869
1307658123105034240
825402252
951587446789046272
2597959164
14671937
244454280
1309662385217527808
758577500544913408
1461469584
587402215
21572837
4009904232
1082423798891073536
225667747
808067096538005504
1306618194
450632526
2670395684
1227951631540473856
793769028401573888
117722461
983002672314777600
1334811956339822593
705097775424245760
1286851761232154624
101052365
39196963
318870343
1315899408932761601
296059563
253980732
40691723
1525780254
76397233
738569626456461312
1168903853674311684
2251643178
858188369498472448
19223809
1199693980339863554
14782071
56601933
3300047954
1041525492107554818
144521399
553369270
1077625353307181056
1260236177795248128
4745672528
87002789
84533831
283074596
2257828045
182659520
1301069280847355905
235124763
1334672189870592000
146777285
836488330879512576
47281756
823447300181635076
1329001903577993216
173084035
908658823384018944
1650729577
14953184
2379145675
1331201206597742592
1252153385286959105
30901570
86941553
1108336969795330049
778475224777973761
941328652649693186
771198910123520001
282145292
1011400595737960448
928624236687540224
797628374
825739355507478528
1135062720452136961
94728416
8817392
1008352681469960197
11780622
36936509
490072033
857941080293101570
4859212711
331494708
19271583
1218001902211751942
20119302
1225668300543148035
112356170
1021326679032000513
829312118642114560
336065862
1560756876
88179235
22898811
91750067
815985857953837056
1009016010509172736
1324607941505286144
987831183215120384
2240698086
477365239
120382478
231082164
2245912393
857927256273899520
35772720
739405545807831041
24341352
2414264587
97261909
34831168
322700671
367478178
936264762182135808
415431534
488318564
2992912357
934749880945319936
338582471
1026705740705087488
543588321
449945098
579308427
1460146448
971295114
2928560533
4091119764
1321769770350383105
109814198
1050785732707545088
765114131552669698
379743420
726597766235877376
14968126
184738023
231381918
800993310491844608
1052985569360281600
67017888
1164118562463596544
781367964163379200
1193795769251323904
333903478
3016407684
1225443798156578817
1217444750
776417746217164800
60233873
6347562
797501991572209664
65672031
1252567918363029505
1197003067419430913
38359205
342955185
35948044
18099511
1224778580351057920
25248333
925431562103013376
22903335
477499355
149011424
460856785
1207587196464549888
388451049
31397470
2507913733
340395666
787701986959306752
483306001
166438620
1307854328728698882
2369218111
1299402461896044545
1635478135
201202306
1050589780285644800
1248633528419401728
91230460
1302841716697784320
1281512477197398016
1301424515361071106
21290288
185118256
1167628239574986753
108509979
1272821347630985216
381618637
214520714
2789617314
147807346
1245610104927346688
1976851261
1248853937643380736
1299340032952549383
1276178788632555521
398844315
480463422
1096020493428088832
1297895992583319552
1287364586836877314
1119425570817728513
99214610
149615472
1255507017000681473
3318446863
90786911
1297165674012270592
810685944110026752
86292959
867601440285409280
43046741
943631774717919232
168526794
35663784
1252984547966251009
89224758
88589489
1282322197
770803469808570368
24834261
1251765581700714501
2191837490
19014124
1266286273
22896468
366961690
1268148860792090625
1105421905954140160
1265522397303787520
711016110099836928
2181503372
52580571
3186910700
62985864
196936206
1272217041047392257
67196695
81543637
1959534654
3146256246
312473237
291134695
950739176101527553
2899827390
69546028
144001878
318894911
33150762
1121772318
1293679932271296512
2736984529
53327489
729829925251780608
35535810
1262123857189629952
864137686117892096
1287075330587467777
5543832
288671139
379425769
52702496
2959976114
92826491
936064242762919937
26425348
314647411
3431095333
1221779567230119936
729991612470714369
912872421836779520
1850833387
1287581057919795202
1047544526
238942578
4343180180
1284780764870000642
975416113222729728
774255835148984320
363387224
1276900238586867717
92919314
823168617760092160
1262594021911756801
3311057864
1271005704795516929
1949045630
4147688353
747162546
1282262002782494723
52043758
2690347556
3303551579
746952059560169472
1018450869136732160
58713375
1270639942901743616
403149717
1217192528862007296
1194990097298526211
877148975458942977
1275424208437178370
4409112328
1216299029094494208
73041029
1166629249
963039725249445888
47346663
493205522
907234096421658624
1277639883457097737
18717699
382025995
1096633525577560066
256073111
305344154
961249545723117569
832522616
1134452017785593856
51455961
1226993059520401408
1189861565207478273
1271031299084443648
2955301880
1272952167221964804
194120019
436317445
1271125111102246912
831862869096411137
561892012
1269821147677245440
1270273812680957952
65080029
1165135057897439232
1269684089784635394
57218953
270460032
4637125399
1167592642646966272
3246266517
269284207
3237467755
1267738060818485250
7655412
627100113
70074460
1256781419465961473
1089367796750794752
2315652703
1142035260
943335162758045696
171417066
20748449
1202840033842974721
279292297
18354865
369360224
743482031389085697
903625209265045504
2236953342
1254004936318357504
1353348948
20905138
807947061760958464
364771112
1203685005517438976
919661530886569984
1211086121309896705
1196070655466172416
2368997468
164574183
1262625618040143872
1070760158
518874764
375456764
1262259362484989953
570710007
1212708887888969728
1261930202411614221
2331393984
928459483587604481
2357925696
812491399316664320
45785422
4620427457
924995398464282625
509706976
1437688178
1285085119
1074283905170034690
562437581
4110982813
1195612196325052416
2335185858
861464010
343389941
14906813
1165272545097998336
1260924602550640641
2908098340
14340563
62820899
913796904143667200
1634668399
1065352357
1913506908
2440068762
1223830761352024065
134532125
10798572
1260785931583320064
1260761962675236864
705483047374712832
47837787
878063099760132096
781780636126162944
1260645397497692161
2690764973
898177804205924359
1238683607838765056
1260582166989242368
522361949
1450176715
828211966678175744
1148831578849607680
742165218
1248229634698670081
728232436019003392
852398135015989249
88607215
600631968
413657737
319074539
1165788889283346432
2958393590
1260354265450639360
790157815033626626
109147858
363166094
319110155
1039690641347932160
2343678798
34616616
15177474
1241759025923911680
1236004571211685888
762183455903887361
47296699
783803544000344064
1011857747619352577
51395972
1260423470590103554
435857378
446177636
1537809115
1255505937575612420
103785933
264842907
452789340
125379428
37156165
159632072
1260416974363877376
272937717
1259513941782224902
1043514988789288960
238035972
737220068057042944
1190894586463305729
701629535352020992
11980472
669493
163749901
62485803
300742109
3411857173
845052253048258561
1260406941878120449
2685119784
360581936
806435232
1260386783579090946
3878288239
614158151
478252735
1256913141323034638
54570488
191719699
916485194
1011929697469337605
1069409446340644864
1054300038866694145
1579709808
1132473411911860224
1260380542077251584
288650068
18156790
3191576082
9256242
63077178
2692341078
1071847787908788224
438880977
1250250278852374528
269694186
1097395598313938944
1260395924737495040
1506084139
3266504946
959430107029946368
2237601305
429591011
371215311
1260383338025500673
753032567213821952
976266816170463232
2326169698
53517287
988762553323995136
344455394
1260389275222151169
2326617577
274836651
356892168
2356532959
1440233924
979572097490984961
2479550910
503878410
55252454
1260385129953984512
56888780
31006289
1260115416518545408
46827448
112904421
1260383714376204288
398701202
135151260
1074010001981693952
1941040070
2443955731
44344922
1002820838687559680
970819820634521600
867767425785225218
302159977
2593286268
35177300
533209310
51722538
855741569151901696
1225670901854662656
400749135
997110487438446592
786888280205778944
1189333800284610560
1260074528010498053
284086230
1254622220145487878
1260380040799244288
1028113735502581760
1180483153103687680
243466830
294659250
357341415
175284509
3219098928
390750193
4806408854
1087699441522335747
38859626
20221751
997490941677027329
20210155
1167390393425465345
1212525666
1016970164984659968
724501302219132928
714977608266420224
18971030
2477586498
1013360653216542720
1721435466
1105243693
91239782
20126385
1250750078672748553
109743003
2364825104
1272626773
345176510
62231773
1036991348
834911731432341506
160185435
218471207
1624902655
1954657291
78051861
267758251
42647122
1936173038
1175019703070121984
343175892
1241741214640046081
1102045073368264704
228954576
1042020074733764609
115898898
931131617598251009
2961775399
130864733
3166033770
994776712050339841
804990979342143488
20574258
50276361
50659303
2423747959
14415247
462833381
61818382
64106422
218473619
77254825
23323038
2839192644
1260356486284275712
1550394608
455666327
31866319
406810045
23022689
911856936
16751067
1219966368847499264
1226754019319664640
1143816877535195136
439639366
1260342084281626624
395260218
278552980
128795658
2819308194
1146855629937451008
2248238107
721219155274309632
774422048613371904
2751778022
1108566682732101632
197352119
2381403854
103007392
34252143
30040632
44659440
1035845689
238578567
1047534078
356626729
775519939155243009
1150238969524736002
23088232
15992903
807464219582922752
1057072283783557120
238476208
154130171
550939712
339659058
80119462
288575076
72780513
187162047
782274405279764480
196856075
1260303918073909248
41313898
1628111977
740371112589033475
7530132
3171889298
1093146972654002178
2251166316
82828871
1171664456
1060178525183852544
775326958531977217
1054849610101882880
939219150
32909325
1260244469456138243
178743486
62244719
203086990
2910517051
1927608583
1222387744220909568
1176812527264530433
572610972
1112528533404839936
152573024
925582340146868224
421660682
24670791
486176065
118360256
739763980093132800
152521714
88385666
1308639019
1236130621530845184
2860223341
534974047
1144288466768990210
779855874277847040
1012403608346812416
2369583996
318749616
14088528
1258399838
903515488168189952
272465566
817172288944672769
76937363
532719313
254524852
593831107
3177458166
1260173396932874240
4646700024
1710233623
555374868
1156165587204100096
269196738
267786490
341376275
116073269
411356022
1234715592508100608
297266496
4323787099
3266647110
987494495326355456
101236849
1131013320826208256
3558715038
325280212
1073132816
70564504
1137345765213237250
126550700
284309430
1260134911664504832
1106837106565906432
993738050059493382
1436113393
2329243609
155854286
1260128256386232320
1961656796
120051156
1243109812436533248
303885667
1254256954290999297
1692087588
3791411054
267157278
15087129
1074324162011815937
1245711526754836486
406957135
2200381914
1229784104591224837
3165430040
363191659
1070183279444152320
2380501200
1101167630
22336952
1260080117344112640
1260033067327995904
15269295
3062273156
59060603
3877787894
59997350
772088199325769728
294498784
1368747486
215623112
1260050039574941703
91466764
2931567376
1451342191
1260096115631779845
899098742023831553
2334904944
861016135
985863838586159104
869631864
17824107
22799307
1151705514138464256
1140205142693670912
1713113670
821706787430731776
792939955794305024
92669852
1021805921930903552
2319963818
253882025
627428864
1104219889630240768
237316075
908612831007797248
723810968132718593
1260054900240596994
114132127
1260076680434970626
1098270032264450049
3235079251
316279773
1120139788307222528
68928820
1260022890235228161
39715104
1234010416746860545
20738343
1229593497063153665
99902275
41360253
39456557
858988548
818618361839919104
1245586925320155136
226782617
1039598604
818624010292297728
1148218236061700096
18234619
98644038
178644948
47897280
1061119449107853312
1260007962644320257
1253446248066985984
505329025
1025925611649347584
727805643533496320
1174971613307031552
1125545233461104641
161925097
881661025
1260031862426107905
78626208
111217703
437131997
2756605046
28837978
59377430
2210293712
82556099
1215679196527128576
15710366
1075377248327225344
289930861
54793900
3156905306
205586575
1259998354915745792
756432617835114496
826973384013516800
286411508
3010771820
1255699171786424321
440813260
4018302974
91602412
2226178766
2653025976
2744444894
940752743265845248
38988572
15315219
970385436
1176851093411614722
95161574
15741766
1342196311
138396445
1166686607870582785
318307350
984027115820584960
3252488436
823203116740808704
107877956
290685675
57874679
83753515
415641992
1260035989633810437
916332157
147407759
946198979598999552
2521888988
824328008517324800
1260032414480359430
1260033279236861957
582852164
867244229634002944
1189213085212372992
1118485664880664576
91523357
2754970440
1052090389258072064
144505925
234394905
46276842
419184103
1004542977463603200
816664682
1256820873127841792
1260026286740627456
86844902
938363997895528448
78881450
204838789
1009284750580723712
4296408673
315043608
100965518
1260026073938460672
772728129034911745
1260025494927405057
806372626683883521
604560230
296625492
1260023203151278080
1121553762424774657
749481777761120256
55741889
1239844988067803137
58866482
605324493
36613069
706806118236839936
293495648
107913609
1243839018518736897
161481323
37211789
905984633967304704
1260022547938029568
1145359046637019136
780686480490442753
3011447965
123512758
1260021066740555776
94507324
364373144
1260020692138901510
723445781311561730
1260018606298955780
470265880
187308744
74391971
1208279593796263936
137366829
14380758
44914526
139380039
1260015571757699072
1688411948
2359661466
306081414
775003845789294592
16096075
820680446
970650590320607233
65681381
181068656
55735446
22015223
181846784
2299021050
131858322
293331083
226777772
47882557
1168820374861041664
1260017562835750918
909738536156356610
4713877004
792956135527489538
805548486984765440
1260017286213062657
2551069746
1176721093878407169
1260016864840704000
51288718
15140581
1127606410206781440
155441204
939661387227267072
45132524
734025216775458816
2496557515
22599134
878468682736848896
68357340
53410728
1653206857
994181903111544832
136188071
833564106686754816
6173252
928040714486792192
31730906
166949429
526478177
1446580350
1188317510937923584
1237346666602102786
20239090
1421080399
982200797659213825
64427465
27694866
1126729285983621122
866923468549373953
399171821
4221689834
1260007078359298048
2943411468
31140914
20150170
39258812
574401956
969604350
20870657
908659354198347776
4350427400
742008838027546624
314367169
2681571762
776785211258392577
1260006421959081984
865368322035949569
106921163
48633737
110394338
945443563000684544
152676897
1493233200
175711364
636820603
2327165720
42146638
635256477
438021469
3771065840
323524827
984094598120157186
356694707
1260004636536082432
331526619
1180071916482088961
80371973
26465532
838657211983286272
719988932
44808922
42841797
1017202656165498880
63089004
324665799
103310918
1051766589635223552
46648383
41511753
462707219
1257293129964679168
1259999030337105920
33837581
827759745243107329
1165073730323615744
385826017
1234711347788541952
778033605180166144
2954609768
1245257686284828672
1054434342
91702320
30171729
1243753971799298048
440796907
386424440
1259984697486045184
550588298
2316688802
308976734
1229091090
2755493242
170154247
580566262
1541277205
188283414
408930796
481039329
101684182
138043781
251895932
785811505384071170
857594484
775304164356292608
458117820
1174200639926280193
383874209
2472301842
133220696
272138563
55497616
361918404
2339460169
2547420877
3013553132
1252580478684549122
238083252
109510692
1147817811110064128
941882736184238080
61755711
2635697131
905999190945292288
735782629677535232
2492325091
422648555
860672996
1239594451737034755
248215644
56723184
303224577
550913446
713308528132231168
192979202
1150737032676646912
156235859
386141917
62682647
1244323875820732416
245702877
117071491
939537170
772270006490976256
444844336
1234473548413931526
190988699
44614150
399312570
1666683420
65277217
233245167
1209699057838350336
1132815404944912384
903427284614426624
1132741581054906375
131837662
22338553
1225668992565596161
1050925371783143425
1664118702
394482960
979177066053607425
898702350352736256
826280970420514816
206561318
3285952435
1060145760774250496
557404733
2402410622
335967003
492103662
1153316914254376961
16064886
1414307940
365416174
100764144
565541675
14654672
1226861557184786434
844169522168844289
27618333
229033177
376221758
103636348
14742294
44563056
1132986615893127168
20739078
92414616
395322080
212835608
120413626
2437782277
100670113
49688588
1152453852525817856
1206696068563525634
1201926150538158080
3113439424
1127740155094228994
574253
806085828711587840
772379161671323648
248533125
1202670750257123329
214094791
174278435
1203743410902851584
37630702
1482931332
37415144
270315486
19060250
2843414258
61651028
15626860
1086902170195095552
238582063
49790537
115648095
2556282455
1106367463606743040
1197149557626298371
381866954
916904917016518656
1094162346
1046660818870263808
1049175006691831808
24494838
252023251
601144807
24729634
971667123868114944
1018438271964082177
1058080638614421504
953180681043001344
1394184630
36262652
105068634
1191325875871997952
156743144
73059451
920818126186430464
787188001210118145
1102296234
2362074871
992590758136897536
937098519021625344
903819938694959106
447135094
363140193
748095767198371841
892752805416411138
158655311
1187531404327833601
375824827
83056707
3378574153
777661773620973568
64669670
4748321682
1157313590459695104
509135747
20416937
1722831
56047725
2456044195
157314355
889528947460915200
190694094
64243758
229395728
37196667
289228574
3472662620
1088387257361256448
3237943388
494758395
1164820265357869056
239334583
858158506175627264
768129378
25863201
702634596
26416924
60587458
38356838
44320010
87483744
19666400
1176352931081179137
1155104577093435393
107438264
1249544599
2434821019
843776357922365440
428817876
2429843682
38146649
900890119942488064
827149443296223234
22869980
1150285912300912641
395814143
847766678725251073
1007835876427063296
15508709
44049056
1107282825978347528
1091385925
45530208
970848305042173954
2931671166
202508582
55679004
261092408
746317698569756672
1164925507122520065
1159011190225305605
11130352
1929294642
76536917
71698651
136895804
568400220
19135420
912187021061263360
1850473478
345202355
872177472
3101386620
1072381591
1644517381
48345680
2542775250
43095373
1045189905742270464
4443593833
793899972919861248
713239159306002432
37163644
248598826
139939398
90158041
839586726
1151633524736184320
1135700528678047744
3151507591
53739796
1125674438387613696
27220405
37398968
156209901
1060913904446922752
387179457
1533669091
1148265622624620545
931327321
2214293972
724913520
37392350
114056049
911199155531288576
449580626
196888622
996442671588589568
558956156
770096269746462721
959834798884716544
73110011
1108189857614979072
1141999174121975808
137400778
478504598
1109821261025140737
882273271965601792
37198861
2296244737
517037194
1136402874047406080
23022723
1444494835
836916041955618817
1131011983585603584
157563713
951521983124008965
1099506221441200128
994028721089560576
187426857
27575228
1057200120683356161
337491898
2334947839
27044480
55873196
1317819354
15691463
1540397544
4202289034
1945759657
24653800
900011
28063504
169107860
606367508
1053930035747315712
624252280
990042659308716032
25810591
1346787967
354121961
28564097
2851912466
304921081
2717064722
124692512
30574935
336893654
1008901676
45480323
1057905993860886528
712455929627672577
328455279
791787051901333505
3024566180
372124813
2863174153
1127021734085791744
1164919261
745098710
935349713972346882
211761563
149176324
1131126436666863617
2701181388
100674809
55286329
1131176174938234880
220349433
1511231234
12991
104759062
721555405
2741778342
758823185684901888
20712985
287015818
323116760
84034311
141848923
161475219
177502719
27270431
145535075
927087613340655616
2894773819
376080288
445595386
806483419924267008
963595957
14380288
2254799893
230101440
727801094361907200
1003849506775969792
346638576
195598246
2421236930
874527487929098240
19458118
544876579
20112883
2430855938
612423357
738248149232291840
46875568
1119190635074871296
341888620
2392146140
340008064
3230488807
36980302
751997374474514432
940110308412071936
1937835384
1131082051719819264
977415001
4779636254
3235701326
543332348
2783566248
137726263
114333917
107694768
1499169961
589965715
615352319
283067124
302743723
8963092
780909165346639872
551248233
1101870188926951427
490278407
91676169
1632368684
2741031817
20220473
116889853
984018639841120258
849189644
27659491
61433067
534534963
1011962800606883841
242247827
47950175
86475676
20956249
598473354
1042219249052213248
921535501902929920
3657554832
931917313
926079046454095873
902742618219528192
184087300
42188958
37193631
2910685069
2197500060
204239250
2853357362
2203676693
717494204
1688071376
386518420
830492539
2195573443
47812178
2203025336
1096585387676381185
1091985043
751391035
21377356
878029102724272128
33817272
1131040935180087296
3283214184
3634856959
47459833
1349017788
90102953
884634493859930112
490124985
304275952
15113703
976401022477156353
145709284
1915772886
79948684
1012706582780469249
2840189186
204345665
271212228
2387323968
52767004
279985119
1966252513
980002349102985218
1064584646376050688
614354037
39720927
890094120
353539056
17697320
70181685
46659531
1093329079028219905
255910424
909658995463397376
545164583
55830544
166480260
557439234
30658327
253955962
40436298
3344885375
78213592
1070590311225688064
56982941
2699140579
33402160
561670639
1274861
20302255
44572672
115190692
69311728
59663856
291048397
3606559938
1088555990033694720
706590870
3622288154
185705442
316510670
51972094
70018693
2180294659
345357307
16240468
983873020983894016
564446851
778807351742599169
67796858
218995301
14076413
154515085
381040697
712834580026249217
37439072
1064440482057474048
21659218
193796665
2382018229
121353811
770763733584875520
183232648
157265221
2932939194
922300062
283607410
62767578
107937404
58775228
1114780711611916289
137727530
79648924
763203213801639936
314137040
1131005156621864960
174477061
14401049
215664176
1003601954092695552
991577636966088704
376137098
1129323874758225922
910636446515523584
994126366839787520
125546769
1109287284107436033
214028171
779829446073122817
42146015
290912125
220418625
379314649
2265711907
14458393
2911362679
1594632248
934936839042973696
471163240
881743316
37900469
72275608
719102064870043648
2493147344
58079538
154855176
1569496052
862823149594828801
4272189737
191715595
18400024
41320948
2220688086
171424260
145517991
152562047
359379962
2282209596
284407729
489006571
20118212
709023949967896576
734329144993972224
31751673
33292674
212124330
257841077
1534089098
55744044
52644844
792642009991254016
45491344
43044213
993126252335677441
215298409
720685333310865408
845609700703940608
10083002
1106881210058309633
23431603
1106004516099416064
1105996030091288576
621873451
1014879879731597313
3240079043
363209893
943211839
3665737814
329759500
272329436
1104197637002018816
489842737
47274200
4852885270
1103885667061227520
861810879645470720
1171762880
4643585839
1103499748097482753
2750971208
248209951
150170892
27395059
417890831
1914913495
881675081457344512
1091853802875932672
1058276921463590912
2441325210
1097308923017682944
855822234530701313
1907520956
1096939744104075264
261721945
366355753
872598847
26450304
242662731
1085205545634525184
165079976
342801714
2847450998
78608421
1856044207
1085100100756463616
1085295776757014528
509753065
758534523848003584
77081188
2185524548
