63692454
1435116173482336260
1434791195633356809
1245682908993634304
1434702598997622790
2897143442
1421085735256350730
1368375288296472576
1434001724117639172
2336490234
1434411161965842432
1434359368514826244
1434253113427329025
95054776
29021997
33391258
4577559147
1433743616388730883
1428652216282402816
954209013184385024
1350937505940590599
898758702601129984
242208750
738712154
32897893
1186949625233604609
1424758390098599938
47240110
269201898
1247545966565220355
1397498835463774208
1422216587617181697
388870294
2188299780
809630138002350080
706370159435489280
101710649
54114023
1273185178542731265
1398548517505884165
1403693074811813894
1252738728805744641
1414851459032576001
2346530239
2858320654
1188504822
1416951117410291713
1419570492608897025
1153209642060673024
1349803481398464514
1409092320570400773
491879824
15914129
76262199
129821015
8935972
1192824318
1162637119065473024
3175838456
412978712
345451838
275217185
914377863289335808
4774407817
1286810016352284678
1051032178988003328
408903554
950818963067490305
1308382087699857409
282888957
886575375492435968
33425579
1411969660950663168
236312577
803884763324915712
164736860
987281660730208256
3654198019
738018183211192321
1421809447093952515
182312123
1400814345387491330
2892692520
1312569266432962560
1427964443745394696
36689040
139329513
1424354160682708993
1427484301948452873
1638126072
1427276591827066880
880779041816535040
1092459861885935617
1362141193497235456
14700686
1426807459742511105
1376462667267903488
1331683296313548802
162609682
1016116710
1204384682109857792
1418933201960062988
1213436603282018304
63692217
1426097528362004483
895222930119970816
1396555371515301888
1376483652
1424990981703692292
151415715
1417531555765948424
51122863
1424684607887220736
720391343395090432
1275636469265305601
1413405660750905344
1349786177734385668
1423425763802374150
1401848788273156101
1319585534914621441
24617136
1333240623353065473
220911294
1423290164827152389
830348669220052992
5420182
39703225
1210024061675302912
1265829625818542080
1210631309032181760
1357205778633945089
2461457694
460946891
1257190650333630464
283968509
1712778391
1371894944957399042
1422008905996120067
1421678012303478784
1047993434022264832
1150992735605678080
1252117943632056321
1420910484425895937
1388128476448772097
1264859913370525697
1420616431444447240
286097320
2533187644
1251099073618284550
1420024023518433283
1405184912810856448
1395569678836195332
194976904
1419202460174802944
1419179858442080256
1042491788
1253709096538091520
1418503362782273538
812644255160221696
1415408749859287046
2803967464
45841380
1025333926577954817
1051781655784914945
1165538689214074880
1052336545473138688
1401988343970222089
191295262
23390307
1349806691374665729
286183997
1324077999793340416
1417062945201086473
1266374995845890049
1416591625212469250
2359780424
115508152
1349801441641324547
2539995566
1209175702651752451
35114029
1255717653798248454
1303697242142814211
1349798777515896838
1336889859332399112
1387630163483971589
1387171578748747778
1309116189692628992
1250978419564634112
1414608841652654080
2472899284
1387851266492010496
1362706513593131008
96955127
587481185
1414457338577096704
1280428995327090688
1239183092054720515
2556437522
1414121759662505986
1370868132089262082
1412105461566873600
1349799980098351105
1349808132265021440
835467311448379392
227225074
1409066788571205632
1349807247996682241
361952123
150333936
1290906549385297920
912952142914191361
144279144
942018354138583040
1349135717096542209
76046257
1411123121873063941
2219050922
1285220143145062401
1362840787881512961
475988566
1410335964766035969
1257850379468861442
1289466111537414144
1410194843775619077
1289144674947436544
1222900648636600320
2821330946
1037001386
1242662642583404545
310240308
1406625758664134656
1192110953300733953
1242711863302840327
74752222
323305178
1401845373975601153
1408782163508547591
83331016
1235134802245763073
785329830170537984
1408513755554533380
2863175789
140047024
1302679991965024257
837478404
2647195998
1382638933444415491
1408000132914716674
1237529920030400514
1043110945122209794
1034824786009120769
1407599744306667520
1407318252062056451
1349797075580497921
1105928154
1407032941566386185
1406788020812926979
1406758447551500288
251440041
910934286345359360
1146486359101546497
2820851568
1390246036602380292
886588034
124219578
47849682
165723028
1404804285263749120
1402594049761050631
1962003566
1052909577522409472
1261682080720830466
902880689065828352
1389709816080257026
1349806283063492611
3298096548
1272116715925565440
1226545936664494081
941207568097075200
1265894872709361665
1404801819184873478
1403136448618893315
1348889217804292103
75532317
2666997042
1349792846568697858
91560219
1403354905474060289
1167043829968465920
1402269669063593987
1398030902567923713
1402243263248039939
2848325412
1886750749
2482902282
743992149142736896
21357028
263096499
881485027124461568
1062360016852738048
1230287721555464197
216970362
14785663
400014057
1344767527545614350
1349786014777303042
21630121
1401436780612644875
1129391070708736000
193228766
1023144857005481984
1221585978936004608
1354696786468864000
1349792985987350533
1215604064693604353
1401036892884271107
3316973040
1197000199840784385
1401031118304862208
1390836761052389376
1268099693952696320
1095243335051051008
1176765299573477376
2655132420
296225020
1400357274166595584
1349808724928589824
1114540442463264769
1280485878339710976
990841922733379584
1331855476133220353
462046773
978065611728158720
1382647315924615174
908178375839145984
1398946863240204293
1259662010343710721
1318057909876609024
1004718321034506242
2910554280
858038079222943745
1085134918202490880
1327162708626526208
1396241627203608576
2219559386
98063018
1398765349521272833
1012561052133834754
3092402021
1213257110105944066
1381862062276538376
1349803383553712130
1146842322958610432
28623706
1367899297799364609
3404304437
1357732441239130112
1329454357
1331903914094989314
1397232049690316800
820420385380282368
1372802289606422535
1370664882845196289
199968336
395321720
72133513
2709575756
620763268
84515523
3232628125
1349014295451996161
379262928
1395357428946931719
1395299173709275137
1394953347480788992
778508010347823104
252415366
1388350586278588417
1317102167153610756
1394950145041522689
480943179
78358254
578299647
28112313
1377386220444073989
323665776
58865054
1393899519893549057
4662515596
1377781651091021824
1383106276649889795
1444937814
1349802199292010498
1394248238006341637
1230741277571866625
1393055467316809729
1349791286396645378
116114428
1381654943925342208
1160084646975066113
1393840384577458183
1028841530428014592
56476798
783591402512879618
4394318675
1281503571012317186
165437595
1206984841
1392021683372838915
1388064725984972801
908464866263830529
1510777118
1357242613745778690
3294985226
1118328584
2190387878
902844667770765313
3675301753
1380489180141268998
298704599
1336179157366054912
1281830663771926529
1166381298556051459
1158005593052815360
1390305399488716803
1353623552801423367
816052648268820480
1391237662791454721
1383678298383740931
108981530
1391624671653683205
1389281083540258820
1363222556656943104
291609629
381448412
2258813952
405115701
1227855051684638720
1388372352132517892
1364579275387592712
337679945
1287237836530278400
1353974465634308097
1009523420
95147707
1134406643419033601
1282166859366690816
1372572807419207681
16903653
1388701209440047107
1389594808180789249
3020288353
944038771896467456
1238800553443872774
1165154885764935680
1253503594789142529
895252696004829184
1388597563213889544
1012636237721677824
115356791
1380127716238761990
4148159834
4496495712
1057869212717211648
933234601723437056
456497273
843948198494461952
1388590391939719169
1132093132776984576
895127085806637056
1358709914101633024
438293338
1355141561634463752
71172156
1387426118660083712
820594524057571328
1387555340938407940
272629846
799994966
1151752580692791296
1363963552613036033
1381744402230558721
1387104961561911296
1387080562339319811
28302752
866941373190098946
1578716616
1386085412624486400
1386703132873281544
1102131909721616385
1205133041942712320
1354899648348123139
871743790536572930
2521823575
251049886
1384420594549026822
1295123147457474561
125855020
31347185
166900688
4400958612
43119117
54633353
234789144
1171472057315381252
3267175902
1268726687820402688
1031688843651678209
1384783296387862529
1384088974772166659
1378916999343054848
77646955
1349803153114456066
1383381703037652999
937662889955024901
1374533727620009984
1375733682133159937
1265484479788978251
1026556730
1300299659160596483
1378881478700933121
271463799
37627282
949492716882165760
2999463835
1245259787937423360
1379877909884596226
42182326
124405933
1291469517848219649
1263888509305106432
1382308334376669190
1166749769831612416
1010104701113720833
1379558329450692612
2558969040
1349806704800788480
28428978
1381752621296418818
357136576
1377861735860727809
1381877363252793346
1349790923971059713
1177144421659267072
948797124791144453
15994512
29917270
1381062289202290696
1157121940227796993
1311444726780817408
990303715
1273615050264068099
1380478544195817472
1354289576211341312
1377299395624935425
1362798789203955712
1380009075757383680
708585686165819392
1379961926428467200
1363695240700334081
1300811189551869954
1378650581057830918
1357077214181822464
1379413674205450240
1259082665791291394
1379433507970158597
1184105118737694720
1374658665903394818
1367391063657246723
484069721
1368773330694598660
2803883945
148690218
1256131108040826880
1483401362
85975498
4519456760
1361380225074958336
414207717
802752702
1377786658213425153
15241208
1349809922511405057
2396355806
2540329675
3162971738
1357674434404831232
1373752585333714949
782833544
1301067376302206977
98248660
1309475746021163008
1231983855826948105
1114695927279710208
1376191163271577607
1376024041912369153
123271844
943628975351349249
809350605126926336
1088570477268865024
1356581275902033921
1131449700807258113
1014062793249546240
1374587062595239946
1246597822603984898
1229174605606244357
169026368
1349796477728649224
1374901299691483136
2473564704
35175849
1302253282874679296
47901258
4715990174
1214759222979641344
1374338602260258818
1374253088307961857
1374248609789706240
1327479402502844419
43346555
1209047661526962176
1374036753271623683
1373993320951648258
1278532464
3149443735
1315463763185684480
2424271169
1229580220845436928
1349657975900803073
1373094967967502337
1349808104427442181
1318002881941827585
1239448069424340998
4061615112
1372062279114518530
314477900
1372478401039241216
29018986
1069461257562939393
1308348154174083073
1252667559503069184
1088488945
1318075794640441344
45109595
1369670392336424962
490164352
22621909
1083296146456403969
1251098636202635265
932084575
81810330
1219554038
3236644596
202494644
1354719256517214209
76724526
363119527
1138122204045070336
1235341405549187072
1316540144669818882
717655781315895296
2968753917
826783924726620162
1369797654021046272
467327213
885516306119880704
53271417
1254739223338352640
3543505875
1345429671861755905
930427903048929281
1211102353945845762
1055120296083054593
1042696248069767168
1066182852247789569
1368678984851021832
1356866397675126784
1368241461494505472
334627712
714977608266420224
1368042250198945793
599780774
1906894574
1648903602
1349804234221490176
1203462292462944256
74011206
266080609
1170774971250962432
57815564
1366955059121033218
1366855762463522816
31595909
1161162909193342976
1360176398799835137
1534196984
1348877024761237506
1366284608216526851
963722716917391361
1295598238381142016
869830410942816256
173149432
1265911796105220102
531021761
1052541571634085889
17753730
1365282963911401476
101989881
1349793039036907523
1358424318049353733
1363857417209925638
1364985245011861504
1361320897945067522
1364529432879378439
1349806257562148866
1349811981822386181
1002436292892770305
4497481513
1363818545277198337
1348603845304205312
1363590343204175874
1336396008964587520
1323328166992236544
1363437781427585025
1356135098790236164
1311684110427930624
3007696099
1302576421697589248
183165975
1248349593609179136
827347626
823192531210903552
1362638819430830081
1362622593556168705
1362001926187929600
1280833205835194368
1362448916281761793
1362434918471458818
407960856
1357394036684976129
1158530821701038080
1362040818589200387
822096737082802177
935279135471144960
1258325019479941120
1362063316185735178
1361900698644799491
1273735519579471872
1360863525694935043
1349943133342101505
1361862076772339712
1283807610806906880
1271695048422248449
1168405429249957888
1338821119424385026
1342700318816145408
1352649553904685060
888351873001955329
1143245442769137664
215233817
166524011
770202398455246848
1360510451017277440
1360504901638496256
799116213527773185
1360279948146180104
150705181
1350113916798423041
902139424238067712
1353309356608131073
1356397615928078338
1194328829176799233
1359404825595629568
1356491423042985985
395636356
427705695
1034727884991025152
514600127
1247527556137381891
900126920129605632
1272525533927145472
1295201570649407488
1359056567904083974
1358626587478872067
1220087561588178950
98316989
1358788853004308481
835784996
1232290662516580353
1337141669938954240
799799632779878400
1277573391025942528
4701201727
82778028
2615137128
144089305
1366689007
95164862
1160479960643112961
807923168
1356589053815058435
1357563153182167049
1357295973156835328
1206568273346740225
1296823619994021905
1314060196184899584
2751481824
1356951733369409536
1357194199255367680
524022386
1356700718766280706
1307326233235976193
1357123269862715395
215280713
1351796668711137282
3301434390
1326006713577742336
1356331042861441025
855078476944203776
281123514
80371973
941131979013218305
1352323097869824047
1356213261289582592
1319317604696207360
1356177535843717124
1347003033901621249
26003652
16356753
389134167
1226905164134502400
1354429773406081029
342278996
1042678850851926016
1304051786282610688
1657487978
1342528196466470912
1355277308848988293
1347148112570191878
2431311170
356637745
825337814896242688
1148116236229726208
1354774211214991361
1238697876030517248
1354453028552679427
1354360784420179971
1343511201158873088
1351144387695288325
181384266
1307276605866168321
2232581181
132374734
1354047633900367874
1353701341030277123
1063778510894821377
26933636
1353758320427864065
100577909
1352402007143813120
1226882416964296705
1353681220396224512
392620176
1353651358889635840
1351735073125539840
1127239246828404742
1189464776448958465
1328890253176758272
1353294955918200832
900753853959753729
943762416281591808
1340673472272289797
34147283
930732535994339329
1161910610419957760
1051806204937285632
1043093180558860289
1221540077592928256
1197428889405939712
1352598270208446465
1349742978185654272
2343495362
175428333
2837635069
451073322
235425187
1351515897794478085
1257960855246786560
1607818776
2542825345
1349995751057747969
1274466670313197573
80816683
989003327735259136
3521040192
1495061430
1093391353046798336
1293596479525982213
590976735
276814573
1236911775062183939
94926996
29532887
3013358485
1318818979649966082
44576898
25488511
1219799938365706240
52453551
299158565
132632734
1179762743093714944
26386515
7822342
469900185
1164841010611965952
764019662916988928
1337962110198947840
1320311154
1347443944578142209
888679599613198336
1347372422442274818
1270311786705588226
36612551
1346592364589101056
3063937848
1343395374011060231
2928241975
194035289
1338706502832463872
1063372330087342080
318013916
919476075402366976
1345769846517194752
1345459066521362432
1345565036949901314
213323300
1343025791790039040
843980748902166528
402378265
715423352404312064
3095799074
87522796
1342713245895778304
1344434845879914496
1332554302829645825
711756353081978881
32137081
1341926862964985856
1326069410549784577
27595842
1343742158369509376
723879805733724160
865453644
703845493235843072
308027325
17566393
1083496434844893184
1343327745850241024
1343247706521792513
113347984
1343109190542213120
1220368243224743937
268373917
1165894926380351490
28353632
34851623
370970008
1342831287720013825
723390422941208576
1341696010410573824
1027168694307151873
949169593
383020510
1342702418996293634
38140836
1311640768172322817
1445136468
636886698
1166407839587459074
1342571372304723968
1342336222321143808
1342252566105661442
789619400101941248
1342135709390422019
1010513630499102720
1332918239119036418
18420333
1341695356673941508
1062379735303446529
33791317
1339510751485022209
68689799
1137193341744013312
237230274
802660050078531585
913266549640675328
729849725390819328
1339982830093266945
1328174501767516160
1148644985723469824
3008928541
1234143107781971968
1237341870625148928
1339001253620109312
1338974796411973634
313163708
553708787
4067672292
1338368106423603203
1222275892455641091
1221573360162705408
1338214072781824001
283547200
2921199355
2337977569
1336181014146686977
1304030664652517376
1337914138043924481
1337905249063997448
4453547786
2700958249
1337619291969970176
1336343010666192896
136719470
181140184
1302239893108662273
1286192692003655680
82888383
2460766656
1336804407724400646
1336669349806039044
2864720691
860246701323538434
767354001503375360
2440215769
1335742103335231488
1331701780460294149
1311703817256230912
23293222
1005262218655481856
197041397
2809819734
1335165780539760640
1194158859205529600
1326727501175873537
1294403921272811520
884667032
29605009
1304391623078420482
1334605987697680384
1321186039621300225
239798181
1334346012681494531
130289637
1637415752
1333953536485253120
738475992705081344
3288217461
1333948123358453762
1333027602315898882
1333785524784427010
1310460897605767168
1333680552885424129
1043106961217085440
91594156
136927616
1263625740525768704
1329126146537975809
1257059452924108802
2239108345
1332096680716500993
1240439867433029634
1220222927418753024
1320564237228412930
261370056
2901983697
835115629426311170
1331830930462412800
433045777
209004974
193055652
1590872917
115448488
3299434068
1247786259776299011
1331201206597742592
103170573
249685721
1327183440077197317
1168369188513075200
183559977
1132062202641473536
1329812514536792069
946687601649491969
1329733621087948800
1329422142241447936
112392731
413268703
104857867
1329330804699262977
966975323081494528
907918671951028224
1329223018829135877
2488295461
1328985369283465221
1219825648199274496
179603243
157764387
816086376
60595462
844515100975353861
1008516545201360896
86483700
31137589
220353892
920779772770136064
153484545
1321824492298080257
1174814122166210560
1327889034568368133
4410463587
175000872
2896501783
1185983884632174594
2230147242
85864314
1139888443448811521
51390588
1322903172415774721
435875587
94728416
29402238
391465915
889304296306745345
137691746
4853015833
132833415
34551256
1319293060539269122
1326289672616747015
390521245
137882398
567720627
1325868943807012872
745206806
1248185702
1239457285228744705
841340216
6036422
793064115556130817
1065853027
1267722935776600064
1322555705937874946
1325271108027703297
28559710
732195829662908417
768501815960674304
1301147846024912897
1257041268133117952
3837409467
1324283964526268416
1324372040334364672
1308132395225214976
1118981054
165033829
109457925
107320196
385228129
2607694459
1591543746
707435625557975040
88727250
1321634837313187840
1224324375639445505
758501736407367680
620106440
4513805238
1066036147250319361
1321924727460552705
3017479585
800229118860095489
26959603
144526922
2433766860
61201292
71173287
1320575076190748672
1009686812548259840
119298218
1269995452600107019
1307777004893343745
3183204483
178999960
766210941642010624
1320605354506551296
781138534560182272
1319253506738540552
1011916586737790976
1319583259609632770
326707684
822119918736986113
42350194
1302947402744123392
846671769083744256
284907357
1318908594943750144
1286975922919231488
2861330599
910114865443770368
419397134
4515915793
1279065040554004486
2524089384
1167442247060602882
1249689723934625792
1317876662420213760
150644454
1295163224967409665
1317074112934744067
1241333315380154368
855822062396506112
987400442207387648
1266279246009229314
23698437
3313293140
344632892
765741559
2516074934
1284006219649355777
1316370726396411904
1104714369311465472
194761420
130095282
1315938316966010882
527512184
3161196692
1315320575460474881
1315486449584664576
245356823
1315197476941381632
168003522
1198672116335480832
200943330
3330750711
724247479173021698
1265271936839413768
75245399
91770043
1851241898
106228383
1311759831158542337
1005389173811916800
1314114296721235969
2540994223
1244636686660726789
108884143
164144705
171819620
44290341
399166695
894644401791696901
380037756
1311481680603967489
1312021526560997382
3698308393
1313127522041765888
2680235918
1298527806620495872
1278211679021498368
820832678
445097355
1102586086092550149
3306731702
1311685263593275393
1249286291012935680
102730094
2189776140
1257639798107324417
14486684
978407991396524034
14505515
818541612422885377
20123578
821989386
1226912591366127618
1311545665827282946
68390503
333351084
4449229408
2483347621
1300447729907191816
603506811
527411807
1070340268690305025
1299427679817535488
1047037790
963074862
627474233
1310548311745626112
1076403080617283584
1234208663759474690
1026783789224275968
1185918432568578049
1309316044121497603
1309829975499923456
1309199556819611649
2170564248
171945989
880148185506762752
121362666
3736720152
1307147187164389376
1275094022537637888
1237043523066593281
277330630
1308198926894333952
780909165346639872
1289608825536946188
1288847959749095426
1307880927566032898
1294345679544954881
1139449443629973504
1306946512627183616
86551987
15005160
1174608309678161920
1090266087583735809
1307174145692561408
1298666800180273152
3112045796
1673143644
148979779
1074358849090523136
1266399702
1126417519260995585
1231338459211669504
809971826533101568
828647833
1306531514696507393
1306127111720177664
776410155906838528
930805658609360896
891699553262485504
925249613505880064
1304966664476192768
1166420034442473473
420197970
1218559949523050496
1265454837371752448
114606080
1306157375171166209
212804343
1001815344090988544
619037901
1211259399844454403
1305896737567993856
454894167
1261537873225871360
55744044
1450271821
2928749935
843414049312440320
1259811016159842305
1301014808989372416
1305420330568220673
855795278430879744
3285262748
1267853114721349632
1269280673321201666
1305017776810020864
1303935978583674882
1292514655315746816
929275463196819456
51257282
1304537276236673026
1176700607236837377
2331611306
3086228938
1288766319404302336
996477406247636994
1304032778237833218
1303999330072670210
1303634595150262272
105385881
720171175356342276
3273106584
22144895
1220422374404841473
1287760526248902662
997658958205726722
1303181244306341888
860523401034817539
957963993880104960
1910783965
1254717568507510784
1250471089857163264
287652181
1282368486983917568
606979339
112973428
127661470
1177403084126834688
74395604
1044955644648804353
4538320820
1302196954768662528
1242760905693298690
1176852684168552454
1077413281411678208
2166162110
1300920196861919241
900191872651476993
1275933253346619392
2189202162
2570229184
1297074683607568384
2810022976
893830301385973761
1300677366901911552
21979903
3016452600
1300478769921056769
1296095429155672064
1252290273817710592
1293764964340117504
1300299304754704384
328472508
1093522253873074179
4672795866
876663680
1299946891850010624
958903776496173057
39254546
325441938
31104510
105181488
20499716
342254434
30857201
1298986179501502472
927816096463257607
41072900
510452467
1298462966837153792
1297707898206916614
1123562259744055296
1297838082243170304
761976938277863425
1161628487322656768
1297485024086892544
147101712
1211107664
230605271
1281515289683783681
557805660
2272200192
1263250608347217920
867398444427599872
572803229
1296752436514783233
20107870
167583440
1296664467166568450
1255818907102908416
825290564711092225
53087946
88444588
91356439
1204616960207507456
350461311
129241021
1283456276878422016
1038635534115987461
128276321
123494347
1109190430518902787
1850354456
1187361231318999041
113697495
1295297212298059780
29702014
139137072
1137851883198959617
1295110808523939840
1046339060292190210
4093737080
1224013144860721152
1287075330587467777
4264875433
1260644033204019201
1294271479337500672
1294011129488977921
1294013097338900484
361918404
1294008052639764487
1294007358428000256
1007060427413467136
1294006249865064451
1294005303860658189
1293962483292606465
1293959874280394752
1293957435770765312
1294027606526959617
3188641398
986968388
256531664
1283086926409617417
142007911
1283318052449325057
2459397746
1084848980838703110
1239104569478533120
55481533
1293067292000096256
2224355456
89124026
754723350505787394
189941770
88180097
712816611120390144
1269109862111129602
898423354813587456
1292207334475935750
4858765884
820654730959409152
1291684703188090880
56883209
120181378
471472211
1291553848595640321
1267741359840034816
1291314656695529472
1283227206550867968
1281931783336951809
2560279706
2901282728
378412772
1251114237386199042
523914265
1074623301794689024
1272390958227714048
237850326
1124250364566355968
1289056560967110662
1235116224255799296
2276691561
1211739386057879552
1289111223502397441
1288080909057441792
366582727
52981826
885638764273336320
1285896330855014406
40219081
1017677382541455360
91230460
1435147718
947884372883058689
1247878985683324928
405775680
1268029773680279555
1260124728418656256
1288033447542489088
1287735525130952704
1279159553632825345
1287535122523099136
1250786294650658819
135223470
282161299
4838173040
797896344
751162752308244483
814555935637143552
106479086
2188380547
354522433
73313909
2870811725
2971554805
1286192382912978944
1215888741530660865
753341270
488516625
131206744
1279162232799203334
1121314729153032193
878167204637794305
225332010
767214386586849281
1252898571063418880
1285849545918865408
1267408095388393472
193450022
1278317908116959232
1285528883584851968
1285504933568098307
1285459696241897472
1015513832943333376
1235031893965508608
3056061703
222603196
1283775798642606085
1252062972769259526
4461330378
3809208253
2565530624
4295112255
1284043209086169092
1242220060942520321
3068406026
914110908800159746
734742163334930432
25784321
1259353043209945088
1278358452369227776
1275593201491968000
1273760892656553985
1203447214787444736
200616782
113488241
20442449
712540214439370753
224064536
1253572993017499648
1277185473891364864
603030318
1282959452858023937
1273495493457391617
1262270741367656449
14564960
18629642
734914217342558209
1282642818117197824
1038141348715540480
1217659643972866048
1282556357191667713
1151250428819984384
1226445896017043456
35112441
123886583
1268789228567015431
1279713954105683968
297462599
100942768
1415028883
1165162802790617088
1272595547103399936
1281095379107233793
39542772
121035008
38640642
1170536348278611969
1280870009703526406
1216553802
1544590843
1055236468610949123
2406434924
326094370
971431055130484736
563820643
240914476
4494378132
1279953853551489024
135131199
1253240692060479493
1279726717209243648
1275520508960935938
1274781134858018817
2602941816
1175691141557080064
211234261
347651613
1118534723762999296
2213356261
36627966
1278866621457555456
1120216118142980096
1286040517
2307324889
1255746862662868993
1448161729
499703635
274978316
1239276678825705472
2931966424
1276166350348718082
1593149118
33205198
1237287264763277314
927367891200045056
2194167433
179128405
1208665190469791744
180259785
1141802208897327104
36613821
56091521
886584500137873408
1079402550950916096
143748858
1124947845134471168
2941972400
3981845298
75258741
1276427988410621953
1275205978061803522
4603807700
6701122
3300246436
245794890
1206397847903461377
1239154175587434496
1275337803102969860
1275661400304730115
1266716933094694912
347314663
1146766329871032321
1966991676
372201129
9211242
1119441328222416898
2674957339
1042707391656148992
834053752063565825
1266064829367771137
1274615620814995456
1461934632
808799486
1274567003974459399
80564673
1261315529526181888
1274331135095472128
2906196864
1274304427088703488
169360477
155262675
1268606772484411397
1028145962223579136
43543990
974674406
17630336
190926074
918352491804205056
466193397
1273421063771340801
1048496313107505152
723897076078223360
1151441194368622595
1273200784927191041
928704701297651712
1273251723906174977
796353898508226560
6654682
1273104156732121088
1254693913333338113
155645372
1272826718940610561
11215382
78862114
1254974798427348992
373157740
967976171555049474
13125902
2179240952
1141072057
1266199225710206976
1272288737318166528
1342196058
1267377020557619201
900925251709685760
1271951221235027968
962757329564336128
282321240
17437319
539819220
1967821656
1011249356
291741576
1186612582544601089
869813101129998337
1866766009
2238530611
961604733495472128
1153345303
1271010708138983424
49518521
861419772
1269924230172295169
2781825954
1916561022
4650086821
1270471149282119686
33039114
703320243
1263199614854889473
1270323623249707012
2511758785
25589456
1106076128786046976
1264568052797992960
469081408
1198294816079196160
1269990749409402882
1268393742525845504
230750660
709636032451338241
1269661459861999618
1051801283466805248
457227761
1267169993470459904
1219866797270130688
1253904590023520256
1485328148
1221515549831835653
89888054
3190158858
704239201328435200
1268586181400412160
1062694255393730561
57997567
2778028675
1266799661156712448
195280865
1268182926509985793
1583285046
1252227362768347137
103445184
1266935060420149249
1267932257710411778
1267251032855203840
54102928
1267685353332379648
401105837
2939148038
1057900540946919425
55706865
1267479513761382400
1253330501458255877
1262655315398422530
733976492066099200
1267189737476911104
1262786463738912770
1095331370602160129
1213789210949251077
1266848687684300812
442714162
1239422673244934149
1266983178046038016
1264773303203315712
2556003098
1120179042
213914384
1218175130578432000
1265543912757886981
1266405110000705536
1266611619586547712
1396173428
3878944103
4554054013
490456308
1201364664690429953
1031452662691069953
1265485401357266944
345226255
1216720600439361543
2561821968
1138383415164645376
138185268
56994501
1265899112320266240
1235901124311306241
603178650
1265708201217011716
1265696302777548800
17709919
1174559179459006465
1265412007794073600
1265362813314187264
1252152248857169920
738287627170766848
2422103880
3036081732
2733320396
1114386715261542400
1199779621941596160
1265152461389434880
965643086
1072653814157766656
2281968234
1260802008577179649
4880903105
1261970488798003200
238485920
1264628454093291520
1222896599694577673
402249571
2799359089
1197878201361600514
1169134080899895296
572542865
4533261138
452244306
1131467008594235392
364860070
1160819086068031489
1241339565916532737
1263464896571871237
38604679
2866760226
757825102868127744
1263039114527617025
72589345
1262592974606741504
1236677767200038912
1261739966033350656
1034723760690159616
308843455
929159008925073408
1157133752260104193
1262448180404334593
1262362415863181314
1262343286833811456
2231934836
1262039077747953666
174885331
2383595934
57084638
2273999586
980416538216882176
1227221996636782592
1261538985282695171
165969480
1116776399128399872
215171874
1104816449594556421
3005592897
3085432903
1184436507144097793
1131576520667947009
1258380672806371334
1254455651469688833
1260243389708144640
1251869730882957317
1463436786
1260414033762664453
1046564544108060672
1240671588103512070
266502088
1260208347879481346
133975637
144771920
1259948270601801728
1259884362713227267
1163102234625880064
1154005105579921408
404851644
64368972
519645054
1259023409972797441
309139222
305430753
1258424714915016707
1051757095
986468987541250049
1259101536006713345
1215674568133660672
2535909031
288171860
124402508
936778287627493376
89233899
3453882315
1064719555623153664
2394700454
948960570404843521
1065830078
1258267683843432448
1258120781625769987
1254674696072769538
713773476
1257850545273999362
1253820940724711425
65335913
2855834694
1257143958549024768
1257484213000921088
1383364717
119913305
1253881855515877376
1695376224
345667109
1239835018735652864
21285989
1021662108
1183256525021708288
1067018068902129664
13204002
1197802939999375360
1255806804858007552
1243758272219205632
1184205044243226625
17698564
1149636579264094208
1256360320588820481
2194217298
1170736546049224704
1212026254037155840
427411370
1250358508437909505
103004666
550980139
43870535
3271006646
2427143814
1255719358439047169
1108243710268108800
900103728971296768
1247358933712302080
893176360507555840
3135502676
255156603
1125604391493357568
1230640798850404352
28278893
985463515900141569
1071421
1164581898632302592
1167773719017615360
1225341687850909696
244272686
1221697813668454401
1254118624073318401
1472276899
2477764765
15262593
76094462
1254624710781841408
1253702533559865345
1254495173737877505
1254152402476949504
1254454503392206850
2435736139
2460576264
1254273988102103042
1253839150442258436
713986386853044224
1254189260623826945
1224109934058655744
1245898748753899520
2989804779
3144875263
14745120
230143482
1253677868942426115
415572609
1253505255788052481
1177334947
1112907815528562689
1253422732588355586
102390395
991150359778340864
1253286240083775490
218698420
918241213932699648
1248505276606476288
86833319
1253113401024212993
475109928
1252288112342040579
849319266
1252922745450401793
892005240307818496
1191284974621577216
292361632
1252784055956865024
1236656945576075264
1159134768073568256
1252626200176058370
1335856566
1252549081601368069
1057420006542139392
758335813017038848
2848545065
569401346
1251465021051174913
19153660
1118722052532383749
1245696007305703425
1160964395775565830
702428573941014528
39210316
1241221954729738240
1251853903202643971
1114126877143314433
1251793400396828674
1174059776713445376
70836980
1249164062690181121
1242814097726377984
2447294665
1210287618794983424
785501738539200513
730342793424441345
1243202362728120320
704457995518738432
219987382
2160150396
3978636437
1180858014
43062315
128391536
2843029704
984009187939246080
1249823548690096128
1076211982729179138
1245746258922233856
1246712644800786433
3019057179
392131142
1250812075036692480
1085492528051216384
1250806969142657031
849844294013915136
1250676726763409408
22259987
19068376
41834066
826745091419230208
107997400
1250330310387986433
140127787
1022080773334216705
720295487451099137
1175179723976015872
1077203189739380736
1249698822164373505
1249595287686922240
1222790770467442688
1246108474368557056
1245723227319447554
300175106
1234717148016193536
1249675405314756609
1216759352549244928
1249592334733455362
1249573721527832577
1110986093891993600
1217911640462635012
200421314
1179015609796808704
180263518
1248959481909620736
402677782
1362501691
4495932313
1899762642
1220608953920499713
1244456030135652352
17137711
1013464916995371008
1247725478971969536
1222490592711565312
1185385192917127168
1248684750014779392
1183760192753692676
70138159
1236384356534452225
950608233843970048
1867087003
834340527415767040
539267972
279455465
1242753719793418241
1248317720631881730
1013761057817550848
759217855464411136
987954528807997440
1248152881242521600
1247835330096627712
2883041371
878899703429046273
1133358540926545921
2645130614
504750418
1240384024188792838
10275402
1241923907336069120
1179759438393032705
1247184266074542080
1247142794671427584
1247124223841058816
1246983138737295360
104471795
1083014006787338240
465133034
1169471620487892992
2511349980
1246661232414928896
1243231301068447744
253471119
17383497
1244851476352008194
797443813010616320
1074718279531298817
1205743966651445248
1070606034954121216
1644438661
24148178
1236642409980674050
257031866
147421800
1150347043627515909
101224811
1245701246108831746
1392211466
1223226733488271362
159814970
69068369
1244264372148613120
3357501919
1008696564632571905
1245317761758162946
1245254297450762240
176050219
984438932531302401
89341593
1245108351177875456
1231503570530254848
1244949902649462784
1244613670232920065
611623679
1244779712511012864
38288308
2678554273
2255868871
51678304
323589585
15013523
1870589204
278596004
2455992498
30678940
316248373
188644374
1244118583455539200
1200724678051946496
2881110644
1243890505038983170
1242364622881112066
1218192442022748166
1201318961670868992
1231291827149398016
1243587141394935809
1243554134277492736
543483962
1243503736049164289
263908376
46248525
1152540078545276934
327817807
48570477
509997381
520068810
43809105
3043126620
1178956536950902785
20275189
349149784
1239935101967847424
244385746
287042690
1197698318299611136
1242972170583568384
2597655338
1106207286077284352
96094897
622455697
1232240617247268864
1238711011978252288
102398101
1241706252737994753
235716076
260110345
22707032
1241658277374488577
1236885434573049856
81085334
269148983
1475144204
1089781434926223361
703176419912749057
1493595288
114750640
867159733677039616
2369033394
50596326
19192361
1235380919935963136
1118831085951938561
4757072052
87101027
860172997
1241495402462904320
1192856524692971520
1201890532844175366
1390774411
18074810
60544804
1189813827627470848
1240938260211232775
57262988
3104477634
1172539155550625792
946755568978366469
1236871318013751298
46338461
1007796445125070848
1235450445994135552
21713232
454525259
747957387965915136
1209733317483851776
1233127448662958081
228350826
1165178692676407296
1235440163653685248
828392144079515648
1154532324442169345
2271287646
132363579
1239202908572282880
918655315
156524951
1239117182992171008
125766822
1239054497680244736
4327873638
1108980288372170753
1171684046688022528
282908546
1238613437497868288
1238457603518115841
1224812333614215168
2457392924
989809126401130496
1238382954813915137
1234699803973472256
1237941577734975490
2928560533
476895975
302996449
33817272
1096376253467295747
196111287
103818656
1156103530391863296
1237561071235457024
1110076058156457984
1237401767740166145
101252508
1131650410903740418
222237801
545027812
1612798968
830258231427559424
1104903241018499072
786128259205345280
1235595103848325120
1234537224592556041
2789289110
1024727085313613824
1175721243107942400
756859402888458240
1066246914029445121
808662756962357248
1235902686307831808
4757934080
63162964
790926978744397825
341747267
46434726
1227537530901405696
1235469026819637249
4459811621
821129356500090880
1412548632
3456928273
336123281
67017888
1231404787402338309
1234868184143949824
3008135075
1097875074873319426
1234682797685522432
1227795416592240642
1234642045559394304
951853512
912234712516542466
1055309306
1234457488059027456
1163249960009134080
77468556
1233619123059511296
1221958968920068096
882823103402958853
1171333415825575936
782509921
2949175116
1230124750728384512
1191676198767616000
86900672
618585186
366541389
2382309930
237527318
930738360414625792
1233099973245358080
1221339746934218753
191452060
1134540446909181952
2917178459
99700851
1232729138525593603
1232800276563677184
1232087965809152002
1232673419566567424
1161980843880878086
1231499530794913793
374059820
1232565129339781120
40152461
1231799413665746944
836203694
1226906243073101825
31397470
992058630231986178
1190516334892900353
553293608
1231935317810139136
1231862853298094080
69279075
3185380074
1183736575399645184
49582925
1231425189247844353
1224658755779883009
1176903353152016385
320425521
1220454253174517760
2594608286
1132476606037938177
859745779
441908090
1228305989658533888
1200817411919757313
1230914692220178432
1213108449237585920
46845589
3827540952
355850602
145991520
1654873860
1226885280872980481
415463045
1859659981
2930660640
207634580
1223999365070520325
872659535973855232
1221782132214775809
1229380686076772353
1191397445520912384
1024736370
93242919
251588206
3220267980
2863174153
1229235510876327936
716262071256489984
25245040
1229151441509421057
1224405929552052224
1217710004481880064
971667339434315776
1061334567187935232
402515641
2561580774
14764095
2379987336
1190972841522388992
1227139908172570625
1124717548358922241
817666438655836160
2721738222
4595835516
1011861684091121666
100535391
1228008810226311168
138087213
74122429
1227977143935594496
1226993011223080961
1214770682074058753
43253399
1227854428381646848
89719254
2780773554
793963076391288832
2382445931
1182602805284081665
1140241256230064128
1223739169207463937
983019927761072140
2307577722
1227529582179475456
991877007012057089
989879845084577792
1225355789759471616
1204302900601602049
1128916397357174787
725812597
2963423085
1187029204631617536
78850163
1160392108424871936
112997925
1093299065092071424
1226973232865124354
301466336
1183422620764557313
400218089
1226861557184786434
136690397
1065450069170814981
623036451
1226195405664210944
261672804
401849127
1226018931892203520
1249892216
1092951153178898432
1200044343060504577
1225654353584746497
50622286
271268584
1110211679797706752
1223869552695529472
1194862576284422145
1202898360656465920
796230739679248384
1087675770875441152
3022095266
203031167
65653452
1206270664803540993
82582912
1209032818061234177
1086195851930660864
1135244212868435968
734415523081949184
236278372
1177109221009022976
1224003692707418118
384149126
950596877732364289
1214463016185384960
1213353064402313218
1223465026146557952
30347254
220615819
1214405830256185346
267013644
1083613767617789952
1176581931976122368
875234051451486208
124500976
924710364436140032
448891054
49293966
1161152072470925312
113933916
730727604316217344
1210077038784106496
1077798713421029376
1930828014
1168183679509762050
1547088625
228603140
19923514
1221741339387277312
1221729783983366144
1220660882553917441
24663432
1021290175882670081
31348424
1221021570103115776
1124608865671114758
1220469807692374016
1220735114595856385
2210326502
1209398298571726850
763096740841029633
784561238
1219735630755790851
1220137622594412546
2253573206
2763166921
1112824490256420864
17958813
1217203610423103490
900289929795776512
1200653700924157952
1154394394058878977
1212388972170629120
1217551793804189697
722392808556863488
1160062072954089472
1218475328194015234
1217804658682449921
1218061585488338944
1217735546610405377
3706710145
18094299
842761630870061056
3254984064
277154397
1217498968550264838
1209428425531908096
17154051
1216964577696477184
922138211270344704
3317114536
1210283928189329408
1217013095597584384
261957954
221757854
14169475
1216628742396579840
1118134608
880210278734016513
838743920
1527723918
952782999598190592
2218127713
1214532848931278848
1216231640441032704
2335278665
1076162576784998401
1209817737557508097
77246226
800550985
3116605807
2411864809
774370401937924096
1215584839153352704
1192734530840350720
1214591655057096704
125191964
1211327539647373313
1214913300250664961
1214873205955059713
485629749
1214776831926136833
285583309
910026966073532417
1022761441181532160
3060395418
3023422426
1214240018304135168
1214096165890707456
1213971930631430146
1213804398293372929
135124186
823810748870578176
1196302807382409216
1166781078616588289
1212874498908647424
1212634229802033152
1212651223897108480
907245767890370561
82703560
1212057971221397504
943205168
1211457145088008195
1211243748048289792
488603380
1105502235482501120
1209152451636584448
726801872175157249
1210365695298396160
871248744322260992
1209991888918454272
1176820176693555202
1190520197943181312
808303129565368320
1135931449956114434
3113439424
1199598613673979904
1202224536927621122
1089312405513859072
879658180019716096
1181946829312643072
1209002083023589376
1208991777614635008
1095340136366133249
31095444
223730329
1203368942502211584
1107658900059447297
2790338407
761199764
1208045832970346496
956679944657977344
1205243271917817857
1207576512586645504
822633358069010433
1205059438157144064
1207252573423575040
17569940
1036812147131539456
807535955070558208
97614366
1206064188830781442
345330097
1206755275073609730
1206622442128461827
1181936277903396871
1206563415575203841
1206267671680958464
1206157515999891456
1206144779693674496
1185517262129762306
1193951091282583553
197706005
1169156331502280705
1205473906687012869
1205466138420875265
800540288137605120
1205012665770352641
1205046966100602880
923752890505850881
1121160407354204160
1054960747552350209
1204295640554983424
1202121116019380224
1196348267866411008
958592528101539845
1204092514325737474
1202778763769057280
1203882469344329728
2433271093
1148879633116323840
1203635207657549824
2476264609
797490247818842112
1203458527383236608
168597090
1201775590602235904
32935422
2319001794
1368879872
3263117665
2996527219
4163478195
978417572575002626
861675759877865472
1201796637120614400
1201737922493288449
1192994687239352321
1201483328014241798
1201475884861050880
1144178636259414017
1201314730779873280
111397276
1201163690923495424
155198024
1200973793067319298
1143144058342322176
1201099862709874688
1200205679157374976
2332700066
1068174896562229249
846022574244950016
1200424793553752066
1182988509977595904
1199655779638206464
1200297712006189056
1078520689663995910
769976305
1198508362847027200
1182267071687614464
1200046698715701248
757231630419320832
1199954507008004097
146845410
1192049092333047810
1187952264222105600
1190206067004911616
2375672508
859930629390991360
945585711780122624
1199158930812764160
1187177404936179718
1198743929128177667
1198726426993688576
805433864793387008
1194222481197817857
1141889669740654593
2273066564
895147473181622272
1195604379283312640
228310395
1196379380982800384
1174352662109671425
238494363
1185582839238029312
59688584
1169295803585912832
871661784247091200
42794499
731291331125874691
19904067
20973970
1451945533
1105654590685405184
54109624
72581334
1128230809687605249
1178606076716974081
1160279521800654853
740539938
156930519
28123815
53052230
1032844180148482048
1141246704022433792
936811457282318336
203222875
1053482987734482944
1171725221084090368
149613890
1176064867641356288
1167434148182724614
778828448
796145685032628225
2179841677
147230759
81397726
1070540535364911104
14888128
58192287
2173024472
717246056799440897
1172837096744030209
1062017737755648000
1172012101918806016
195699334
197382885
36438346
1087931459174830082
2390493115
1170157636290895873
1166645413295919104
249131193
167830843
1572649544
2287902193
145953087
1153217057955221504
815880891272544256
1167054051172745222
991719303526338560
1165962627115290626
1164818588433182720
1165578952917868544
1118782392
907208641161289728
1164845982942543872
2479062521
997113171562369025
1161065366585581568
171177456
1113868299572350976
1164477756417224704
1575208494
827676741074243586
582625164
1138374652697481216
1151172030848331776
22424190
1161240874954608640
933701947873361921
1159797115175997440
59146843
65268724
939033897970548737
72918135
1034549925642756097
1026299734116392960
9210592
1155750624593473536
83414885
15210670
1153301669951787008
1145356877125079040
245641445
1154279271587704835
845697270980980736
737660397562400769
1055092666445123584
705365873394126848
1139867824157970432
1151937386655260672
1110211671312744448
8647382
50513129
886979676006174721
2232617245
1148330056659476480
1013105735788527616
974327312882614272
1143506661945909249
1004693608031768577
1147840626815393792
178174428
1110222626432126976
2380022263
735482294648111104
3152809843
60511674
1144940996351803392
1065878552518680576
1081225219249823746
88669133
405666012
1067030826741690368
2758220580
4745960659
910671891580452865
1084555998734368768
1141152012274417670
1117776441658105856
546080560
468266027
1139337417272389632
1135171130958983170
968928908526735366
72189837
211088901
2901808915
2273957646
1052825978777419777
15059218
1120325265106853890
32870797
481983783
762745073511653376
1136600080536879104
1128118934849196032
827820834458722305
244662103
744164707179737088
27252439
3141199916
15090041
47456979
1128137680250781696
356436066
20953358
882878466835611648
1133611858122821632
114982035
705412702877777920
1127181454222548994
3277707024
1080336258537115648
417580649
848069935204974592
741828939555819521
1479226789
1101596220831744000
245307055
404744451
18797910
1050401273822900226
206113510
3109303615
1114751422547943424
107715070
902440147081347072
33869257
171331658
723914332526907393
4565277799
1123025443425120256
899343092
273827133
3188862697
1121787536475451392
1119099584393830401
1103690498013724672
1073929485542666240
204649554
841104096
512858516
1067278057986174976
1111885334227443713
1027225306757656576
33292674
3421843274
995765302372851714
1118361132295774208
49980544
339244255
370439630
260969546
22050149
470311256
1028328100902432769
767754370062618625
1115246353930686465
853166059490349056
361747788
229845186
3558716652
472679663
2969037068
881382385
32338533
41088861
1074250912292585472
390474132
1113348973836652551
36348426
1113023804693975040
88866559
702389055745613824
2611502040
1105395851717861376
955785397702807552
1111483882166059009
390525475
1024473982060265472
286514257
1106828396569333760
1109580260255940610
1110302311149113344
2314000692
45192613
1038328023785717763
1109842974328975360
3614106254
58788083
143079450
823121913195077633
255937487
242524521
1004023949309763585
505782492
3170494630
1054293547430633472
1086809669899698177
1105793194459983872
114308044
1094635053378928641
1103129728448225280
1055331756440801280
1104583373320794113
1035958954084458496
226643764
3648721332
797366457860587520
1303325546
1588095276
1099986016860102657
1102418770155397121
2972908359
3111199856
982212114398904321
822441540429619200
1649255786
3320990852
14134204
940973405481852929
1092560694296395776
57018891
981765127199375360
1093508538943516672
850306729921445889
1091975569929990144
1071353245941948416
250284870
1027393013474095104
125254556
947882204
1048987986849714176
1095620915549954049
195598246
16202634
227265319
803100357467344897
1094462704121667584
1094555964408119297
284435953
1048592754580889601
1091260040416129024
1083030825606631424
1078656081524592640
1090910271546187776
906073056
1032226360498896896
538008912
1081908109134557184
2439380736
1089171509577281536
1089084383179374592
870820028169437184
1060477602031382528
1087202896393920513
1045208879330668545
1086643276738777089
739657886
29954366
951840394442166272
944077232804216832
3289849722
40011093
980142521501265920
1083202318256885760
812159858803810304
3195101014
459384669
400808853
52109487
1377326804
397143167
1031476786670972928
109519220
3244531254
428957096
2187584256
1076319103005089792
61690211
2893531648
432074219
112391188
1079090451976572928
432367646
1034619715522650114
976092964769312768
44600539
26912678
1017834330733862912
3305386698
1075022359218798594
103011539
444981342
1072383206677078016
297024066
122303897
110683028
936388543584153600
1070654445334208512
1055567214
1069971172249559041
1069415495961640962
2822645383
1069194043999965185
2855605621
70626182
1040820446847885313
1029925501027213312
26653599
1049535780794683392
19013879
53377429
3050484612
1463784391
1063413885833789441
203028842
4907005764
1435241053
1057949842603798528
952913537348747264
72119273
1024896027986280449
1057656293912166400
376423206
1021721362573012994
1003590977490116608
90191754
1055422322654568449
3096816685
2833029506
864712981598404608
1012221224351494145
907231351505653760
950423709533331456
3165565644
3291671023
3855678815
569167187
2976621464
1053111654672547841
1044901390236016641
883994580055711746
2447652824
975942002
828270218677882880
965859503227858944
325340671
491723542
897105984400875520
438120822
1046746573231669249
44858851
53047327
2240161980
210075690
866189630
733067312
1114392728
991023986250338310
241150510
36755164
1047131195174137856
118015089
1433588498
1046997237589512192
2724682206
758213471590686722
3064466347
1046642494585204736
14115109
986056981671743489
1009419089998053377
1044962576822497281
993431957282304000
1037319183053332488
1045603180631842816
466992151
909976411695456256
1030067378258829313
1045201264097685504
1037367637376790530
1045065499422404608
961637426312728582
23451439
4816208662
1044406029939666950
984368196579803136
1043918947379073024
240626359
1043693504663306240
988337235903758337
48259898
725468011654606849
1042348894707830784
2547143749
28782257
292819177
1041753676224770050
1036307012110479361
223087695
1040914368534175745
1040504581732618240
99626402
2166239070
76333569
1020118078221320193
281364468
1038122017239707649
145268101
52600297
794558046189993986
139905103
1897578115
975921681058250752
448035327
887891545596100609
3099154459
1032411476051423232
1036252269086302208
710366835862949888
1010957358
957915424624066561
2561276394
444330616
1567041896
252176394
78026194
1001163815579369473
1031850363509399559
6362962
1033905800576548864
108631018
1033624159530545153
871561978334109698
297949771
199157105
749933154224537600
766873180614963201
881661025
34199539
1032567260919910400
1032526840324182020
1018450869136732160
1027069868326182912
935320481602744320
971801688834281473
142664351
1021920924742938627
819979701422870528
1029286170247589888
1967848664
3345238694
893685508731133952
1019651330653077504
29028058
1022418810324877312
743087823054573568
841587226588921856
998182335215321088
3411105252
286058415
229559308
413796600
1025983141641629696
240617588
72878244
1026100127520288768
273580277
50280221
1484389512
954138919779549184
985904424861102081
192932692
825509434507960320
1020002869485789184
142659772
1018514810143535104
4228281136
1020987588939743232
34614961
960434564668776448
1023274042495664133
920419577451839488
1019616068367802369
2546888506
2875419131
1019904038387806209
1020656438606254080
971431215659134979
2938286096
967472291176239104
909157354255523841
3167664677
971333289939226624
1019723088185839617
1017061483719450626
3241700374
927506798071840768
280446162
2650548907
15179477
1015456945447170048
1015953669676601344
1011043409090437120
1017689052210794496
790864684370931713
89309471
778177992413548544
1016926399964250112
222653487
1005837148858150912
1015595848896581632
1015796889227177985
1015535404974559232
991865009587175425
2997805047
988720384559210496
905265953859973120
2192041892
3178029523
19682210
245242326
388761081
864335995499446274
205749243
386757063
916659493097816069
852440385695629312
247623896
807189762520006656
324477122
238914656
45071668
958566251126841345
2228116250
2206914284
44543767
1005687671123894272
1009286806645268481
2400494478
89392457
185062655
1005764343923740672
209420610
853305528587476992
2537618191
81671664
2460016477
4626856109
123259802
1630540106
26841643
1007585084260511744
314556520
1004308166677430272
2619943549
1003911264161095681
2901047954
2857498998
3067689478
987934000558854144
101425553
230655698
1003935826080882689
996320628213977089
17514695
502867137
1001380863580430336
1003985067079761920
93347439
141967573
321462257
854523340349820928
990844780119707648
1001346441153986560
998850267788423170
586663513
727408961247301632
30179458
1001163793790009344
897996318068457472
982840513916108801
990544233021849600
1000482965074231296
163841576
1000265949021290496
933279556454121472
97050356
233405644
759234640074969089
969035099210629120
996762203834400769
15264302
866985075526819840
998540213986119680
997647621983367168
179077030
997355761859682304
950661162
117693084
790096244
523384079
2776260751
33194837
924294912736034816
994507512354295809
742346959
27670411
334056230
876403227217977345
380182435
1703118079
869264652491866112
993853365829320705
169419174
993110428812128258
89153814
956846938715865088
31146883
983547729346375680
158363283
4450491978
950791881302126592
880744644455288832
2236852344
2857377954
989163288507236353
197481714
56712219
391129302
977450048089968640
236132392
145123263
183198105
149245995
3088297302
986492070759051265
973770926
794714520639803393
956397758436450304
2166232039
2988129265
716254044159758337
877117353221402624
947353778943954944
984870473887461378
984380306214891521
809561687879811077
941510835792363522
975674613035302912
901674597266800642
984454308082147328
1316599250
849544248038961153
935543920800309248
930329933758447621
984334987066511362
1180741567
1225890396
55497616
796498957
3230241
450913938
1461382848
532806628
983362363796570112
750011482620960768
590456992
2217522672
2855349271
979206364277993473
338429708
1219898502
971730292871520256
498576870
966899988637802497
122028087
242759236
936471426
981277975558737927
1515643610
409803643
725487288
728947663874351106
981117346168254464
20063012
981221970376306688
2465666996
39326405
609008493
944720095338795008
611869837
3343683972
4717471081
728245962381135872
978295244037922818
978968518660993029
978257933480820737
1464514214
968899961764089856
4736941653
704682187811979264
177595921
974993501237768198
1940045082
9621762
973773240186400768
423886330
972375331876216834
348513082
14819485
819499306075979778
976282688494514176
378503746
1882564933
58533820
966548777183203328
971310706594340865
227265366
946966515223375872
217387432
974038197167710211
328558308
147939201
881812762589929473
973528380413915136
39703532
3435160252
28227547
3166205622
973115946586972160
439734760
4768014943
893539484205240321
371156656
769357465720729602
2847716017
397920833
958826073365667841
3234125658
970774886196109313
968450387421343744
1453538964
970127886224015360
964073222458236933
226442488
750636650208919552
778204719051341824
127541796
23293999
315695411
4782123618
952922953112371200
897475856129445888
958038587756433408
619173
222635426
968148268306784256
74107536
47679153
964483395572166657
958694337273049089
21007794
29959539
966356898281799680
2695239032
963044059727179777
709936290
958207928531542016
965951337585434624
2751778022
860797490794201089
595296045
964928439412170753
2895169940
938282279339810816
869778313459384320
476747137
954361759825096704
963023469251383297
928505892160417792
960928945255333888
962980511672078337
748825835000328192
732166923157278721
959303127194222592
960548546108850176
963016934542454787
911240195864879105
181974088
53019335
257372147
944532263609425920
925356577401462784
30593915
1450526106
879468612284698624
480585368
3169935617
25447256
15082810
735152607249895427
4702834382
359418596
2611228070
3190401
365415986
960040598324633605
237093193
924940187506847746
34658787
959065105697726464
2442714970
2847138930
280573775
3292000158
1359964536
234712502
869771409492398080
41163467
951857315606495232
3090258878
189000142
958200950455324673
957949385261727744
4834247425
915332197325795329
2815096561
861624365053603841
952254982790692864
3312670454
894546588579880961
60918824
945441110
956576492540088320
895732893883940865
55936616
890272408686428165
58424894
950495837359976448
1651787388
925033718422499328
387649231
739073431795294208
294668092
831269048
786503048
949958341958295552
379624635
719172577571123200
1369242758
879237381391613952
121474377
4817485460
954217911345864708
47854174
777817623383769088
924961198877134848
232486962
936828574757089287
933527657773494273
953081171281248257
935431344988893184
741569317221736448
131847527
952071040229810176
952643695530033152
236795550
951855807330734080
1878343280
32650161
148930369
881544101480603648
21407048
280459968
948720641653559297
948708004928655366
941501037151703040
941498232580005888
898277616746102784
946916454615564289
949908978414206976
859986464305696768
136179563
946831026738774016
865494625527644160
79367225
3087451575
873220644434886656
839941064404389894
145887203
916200195720855552
774231551252975616
898364766179147776
2272806618
2624008261
184827557
750713865176948736
941102194903752704
1358545663
945947610434564096
945182953339891712
945274864813969408
938672982766977024
31613145
933365100974628866
2636062344
37406474
68955441
38839493
1098541904
836404724664524800
171215580
3017466972
2853961957
2431719810
909392621247848448
939772633402376192
941292467789299712
839699192528281601
941234913239375872
138010606
940586600144060416
2821341940
4835428057
3037096345
2195320262
930091904925970432
939752663897350144
18308562
856723168823660545
939336353409507329
879365451410804736
532055150
894480421404065793
932521319895203840
1927505694
461887936
88372432
937877699346948096
2806693130
932168498503020545
2724131707
2755421538
936850460073279488
926245242403196929
35726560
4407148156
936124091949387776
935915181762334726
800720187049668608
142336108
839425349578539008
925640879997513728
933273217036304384
932713392795725825
276169985
180712580
1318087146
930473492998492160
930824408297377793
922454320699854848
377891373
312946410
929870659634847744
2292668931
879779391638609920
189859829
590150641
301335407
928598307303129089
3802668975
50606607
947679746
927029125113528321
925449113935609856
799990363440066560
80809469
3347471549
925322856363278336
924902372064731137
238859300
15702261
763630736796708864
4903362235
884853920639602688
23420969
924044524531351553
32334442
105737709
2886280670
284360365
52440721
264597778
922039995392774144
839218302220128258
3613494019
901786144697868288
175141459
4083294209
920091199335100416
1061168491
864804040235864064
919247848075542533
918743045108928512
918751138769338369
82902485
722156032823169024
1677186914
846733063161729025
853785311800827904
871710795431903232
214096318
171321001
900976449749893121
56663384
824281416104034305
128177049
891677770652073988
2365071192
614890941
915200555877728256
2282868218
118524036
2496297876
885713994463326208
913408605226799104
104887062
901222618249875456
912288310873047040
2499471961
347216625
145942191
909594252602044416
902017411234144256
901861736210284549
903200096002523136
908887550680473601
54140587
134003370
437113557
486484306
4884787624
857740573720981505
846262934988718080
907570229215100929
853695437446017024
2601379190
907160149663653888
702880873390043136
459660237
905848112815669249
242693759
897297084004548608
905167359085830144
295462812
336442631
4650970049
1143116636
370001977
849345542727639040
1576796120
108473898
23925075
498718619
171945704
268279325
64356080
58670814
24085708
755998612459442176
735725796141105154
2826119017
1956529758
22377355
802108411529793536
369151697
185587655
176840574
899402616269975552
2872404640
743645665792647169
120035168
813350632975257600
899548061113896961
17265161
882476826118938626
2202685754
242534697
1118137560
867742500668063744
3044279103
2754800744
156750769
15894470
21111340
895261250602635264
822183352358805504
888279650882867200
193569380
885728872603439104
437446889
462223699
395293424
860634501679947776
887367309194665984
862993093313699840
1176819583
275518158
2253937274
1091701856
417842530
588936979
727860770558476289
851668635395309568
205313268
2938351794
850693812280283137
3903918871
205639244
25923964
45775894
595164199
888783707733184512
883481317521977345
329014586
4447189458
3227681658
887852441986846722
186842402
882190513096597504
14237001
75206501
17555848
4175531
885855901176823808
812761529573670912
50251148
873783900329390080
871985215379570688
17127328
78245389
3549227184
883322318021214209
133213081
51410581
882418555471384576
310445565
2320501136
26250653
838344381203628032
738393150
869326161444208640
864897032518893568
877246308167430144
19159887
744150240136044544
4649473980
66314475
281561869
852134228338847745
819842274
135530175
161635709
1556059087
110028605
831098087972036608
876862445104582656
63796828
769420536397070336
876176545060012033
827957515216384000
774477150334259201
2496074414
874209792243400704
21621749
872776314901508096
96153032
718494354873036800
825463864829415424
2829430957
743754576336027649
3481638552
869963778724511744
116671253
133028307
3323581993
828164294671998977
164211388
867773405466112000
16628432
214344352
450553360
841473418700636162
836959023261859842
59730599
65504393
865502691342000129
838618671119392768
2851075209
860175843925999616
103486220
862617594364383232
16607099
75673958
2810638130
146361808
1487789232
860365610722750469
74165662
23457580
3247435381
284385197
37457062
753985159817420801
196842864
53714688
16132791
812107598526697472
844582410566225920
185779473
843846710204030977
2810667565
851305801348030465
85585925
821597606652612611
383710939
37163471
59441441
827572793927573504
846997547277324294
770460072853975040
3314820691
3525461178
304242314
3224082474
552140369
792313680809431041
41367381
2301427946
846432043944726528
2718411104
829548190781239298
743318740725436417
791481101415911425
751307677330870272
343488569
814138803665432576
1903550737
823941623969120259
1387958868
3057168745
82160791
3018408038
174601257
841672210225881088
498759313
2316839425
839994066070843392
449241718
839019600012402688
179394651
2248979432
806536265491353600
3543782055
66645346
295611362
828178976514334722
11148072
759888167352799233
771106376
835466443902726148
65117552
36752872
65178314
138888802
75044759
713385639509516288
824494705417129984
1170272467
833361931117408261
189825305
819943798373490689
804408872655958016
1114859575
148344406
253331838
832008939302637568
804290271445913600
795501578585141248
808533360440029184
1480817912
139846086
447882975
777604469009813504
22901028
831004956660359168
830305064694738944
20970158
18462580
2905123573
2789409368
809146279
2437782277
3059676793
68053867
715677233461899265
804191031755304960
806792432608112640
270952861
1207567328
250742408
156774469
826219008059846656
27273173
818040342045986816
3723547633
1174817840
59072662
1039979210
784995192013135876
821915829830909952
821678955203850240
810754001050292225
821578386459926528
110382907
3548891173
152826293
55538572
74982266
2309713238
20123712
704499522106368000
722915675912544257
52739745
23484389
815960622533853184
169325935
811231290
806655497055059968
3235018778
604480220
215060963
377353183
1345454346
500429939
108183826
701685713507487745
738670727864324096
16945233
223551709
758491512
140292590
416538140
796288849223634944
256429474
2753695494
756422994927480832
471228033
3281698538
858476875
139201463
793984612712189952
554951879
3277652690
28303485
57811076
1248334159
2365377655
791391732311072768
3254383579
2895442484
53600330
266314752
4461114444
104564005
488255457
3955718412
460658742
3880248132
884388138
68964677
793068290583195652
95988244
209553475
740459883712118785
409130715
4201592954
2295899390
779545306660737024
86686034
750326071740948480
720953173557379073
36611777
56599701
32912692
44273044
139422654
3293125319
115579916
779211520060170240
2282807389
2284691755
1388916583
104571045
143436301
776020561432489985
65379505
783284556212293632
269860631
3327874453
2358544694
3281987406
2546590399
584785650
126068857
56261570
243968939
2290856640
990380316
759019552709632000
78999226
112054826
2484474852
461797841
2941341854
78253708
298414973
294736931
1656725112
746872306790608896
707043473384296448
3018350924
753299061248110593
140747355
2883460352
200090056
770193725175762944
48227858
746014029928247298
20110935
176587399
732515674854035462
2558356640
28782779
80880742
171381295
4788682010
603588908
1861059200
719879140485279746
403973811
762834772435410946
316356544
761241568263241728
60678740
77165249
77660760
103352079
70651448
58718738
2460871344
2738667603
3458229201
31757155
2205074340
1650300991
36687409
605372689
3835665855
754885934227697664
3312956960
93520766
2951942196
52455542
4821046453
2892529537
4378089193
2435587998
2908443745
22748047
100760217
3006133301
181932265
734277626781634560
748046110741106688
404591204
2455462567
124989943
33529921
158313123
173718027
103943130
745487250780086272
170389366
743265271176040448
856618981
4678112400
734663544424136704
835944835
51675866
2873822188
2576226362
3362267290
65234672
15435890
602098222
738218383066431489
67637777
222802729
3193066950
2910668641
255340337
3424084720
58403161
714297285392408576
734808610962702337
734771116103864321
734767593123385344
734741493206896640
2569277834
734543052111511553
2210864011
15735797
3064630823
3151295270
714367638437105664
52467181
267200254
732648320380723200
86903537
2509836175
52360436
2234397291
245869583
731755060070211584
731087789630984192
731381940335607808
2556499237
731340206125649923
730665829264560129
4784208672
729708041994559489
703143447985672192
729598558106619904
17735506
729175108569325568
715912229757919232
728798093785759744
2469452509
211925072
2692255776
727455845391409152
727402537628893185
727114753747742721
727144541929631745
582350279
727095636496019456
726648059786977280
3824063233
725944159228436481
725879597909176325
20243635
718745591191187456
725458206357618688
2416009772
724659726097780740
724535810410745856
724525117636784128
724436007622316032
280965898
102622232
42997297
151445991
17123447
2698692277
724206214213566464
2344798993
724036829633085441
54296186
723493104892805120
723489712330010625
723377038623576068
519619243
722993543422189568
3712837879
202697054
722741111337279489
722639564771311617
717246940769947649
722499956884398081
722451876201897984
709304341413269504
722312218423877632
123732888
722234255405768705
39848923
721911816511561729
721758445813280768
721625219098488833
721623939332513792
721552986846007296
721387245643632643
721298255301115904
233494748
721167725586968579
720998436498235392
720976871052017664
45120510
720861258442891264
720816303175413760
23043942
4450976478
720264585966542852
720128151813242881
720114936366645248
1913087510
210001518
719499927190024192
719114382978842624
706386701350887424
719014482853306368
718631692672507904
718492852112654336
706319513373937665
718380848710557696
711104593564815360
718334513466707969
718313608153837569
718305548605792257
718276621254463488
1453977241
713458713395380225
49575205
717686094683213825
711411329681137664
717670725469929472
710004264999976960
3423914894
717338488480202753
2376614600
717199836139888640
325996494
2209445868
4743330974
716931799880900608
4690236595
4026079213
716642085957292033
3943466892
3997178894
703389602099253248
716235375073570816
154824200
4802011058
26436140
715855607715094528
715854089863761920
705729550240477184
4023092599
40417501
3613921212
701221731277471745
711341637440397312
4881706630
3190940708
302942608
715466432784371712
2467434324
123470547
4066910534
1863604664
700710767096516608
596727851
550096044
706378670357639168
60050365
715401896458985472
47059456
218402704
616141104
4855383064
3736614438
2780260122
4187196972
708536413222899712
4318583238
312967248
704344962062680064
80097496
103434053
3310522663
944767400
3249440700
629667549
58112762
565747271
273515386
3247484186
1403836453
773215357
562516030
703980564617916417
42115029
519400182
315149393
715133280836669442
3197488814
181657642
715034914031276032
4091873413
45786363
712550382623436800
3311006671
1468470722
4639827962
709141072308510720
106644554
2972343101
2268677815
2766862373
4907353808
561352208
4901391876
2345526468
709972040774754304
17849584
511643877
4887731448
714781065869529089
4847679252
52512992
716613391
856374217
707714002101477377
380420463
1227623594
144796479
258399017
708615584695476225
4668605424
1127468155
714687886482923520
4520409977
714669908332773378
709564780168814592
2253470226
881313882
4641787861
710102875779694592
2318412248
2610063175
119258701
249546219
4187978178
3681582914
4269407713
4321118532
1075991138
4800704659
4831920737
702425344981262336
396479153
706438194636533760
1670296604
233509391
3290341579
4315686497
709183162849492992
714416428057669632
4148636548
3151515120
711487544127393792
4333579034
711433336074461184
711030733033201665
4887174317
703072645919539200
704029688335699968
708601613808640000
709566968186085376
714343049761914880
3340492751
702350967279255552
4848851499
3102233754
169867276
110617464
4923294294
226428407
711440434841710592
501416514
4089673458
4683570253
59083946
123790237
708938303093903361
709925116373667841
118703190
695527715105955840
712533616501387264
711106273027104768
2911399722
3301377922
707829006570233858
714269207207157760
2783285445
3460184593
709977338008760320
2449009316
4726594524
706099649938006016
714216654859739136
709660859929264129
3258047142
3135063886
151043871
4726640775
272299859
2474150736
194872676
1515407808
310289743
4509150808
127783254
1264619436
4838360929
4202322755
4837284276
406807660
316479051
711398545455091712
709015039513141248
1174735417
4781784734
2242843422
4757003946
4731705680
237152173
1118297666
3296415015
4683259874
713973366336532480
700277049714282497
2210753700
3691803739
1277091222
2328209390
713921588689678341
702684302295707649
709662538900746240
1545391182
3638203459
2193641166
2265754542
3923261666
36820974
3134938346
616474804
2196370956
144973387
713803351092166656
257382139
4772787228
3324840050
253921852
1562923993
706707475941097472
3577871723
4225227193
4893804075
713742141546074112
713734397015379968
710429900725850112
2320265244
148322553
3161498659
1949367042
1562935964
406294087
4689872983
709985986260934657
379087853
707908799714058241
4886837915
385292352
709717294759464960
4900963261
307759606
713617686119329793
2283958590
708531570588561408
3303631871
2885184959
707044217281851392
713546159726301184
2270395297
713531606690963456
1275371599
780344773
703943887149076480
793815300
62225124
232552493
252488766
4802557400
4490345714
251433732
4196385385
2439703378
704984108573847552
1438729477
706688764798611456
3165192488
709694879891238912
709611479490629634
2840011279
3857274794
825034033
1362039174
2498185478
2547079548
1439395160
4871378350
408944886
701764676909080576
4888141878
707865705538936832
710997656676339712
3228281150
711608778102218758
703085170383958016
325266114
704947013805277184
4817485737
3570721034
3029819675
605379215
4886995272
477538393
4203070161
524087855
4585598772
3801169458
3580371853
4455339612
390079960
499500219
3749953873
36405014
3534100874
477652044
317048484
342826699
2926430545
3160548102
706139851012177920
4812462312
3912008404
1104163470
361633186
2896712951
709331162850660352
1565236818
369860943
4365740894
4805445798
707106310039298048
37898253
1584315301
707533187035967489
747028063
1513222902
4273917389
703929621574582272
4363873456
704672934279811073
708160105712254977
704952468745134080
458475798
4919860333
2171644664
3185824230
711523833295953922
188526795
2371396447
702433549224435712
707430535459635201
3011286775
616427087
702384659368427520
4892492634
705738260748697601
4892670866
710028395174699008
710413001052913664
953146237
1714252394
572183609
150305160
24111304
805954566
567321903
3876426072
4746805129
704891214903058432
2445210667
3252364946
2986633124
109901897
702383642497179649
709280307078238208
190942279
2240127986
3640336932
485571393
710369863248707588
709730840536723456
3251416482
4757551932
704995200305750016
4602617114
4864730965
704925807337218048
709259231854088193
697239366628806656
4757209153
1418155238
4848863156
4562571315
709984468245860352
3055434499
4451256373
102256190
710361993471897600
698471592733470720
624973
2986552993
704145426388164608
4513664412
113083238
702481116859502592
709299017784557568
3493229413
707787582680109056
705352741359464448
4777885602
710733907004510208
4776769160
350305554
4497730637
709273082448359428
700597954051252225
703805059566428160
2929123158
707057921394405376
705023846055702528
4892398687
454119015
4896582372
4886140520
703652577171214336
4743109824
3389549660
3272436780
4842174397
3948097932
3060237366
4872703520
3181632368
439507572
702642935926378496
706399668087820288
3483250754
1642434841
3302295799
4665187752
379543892
700990422928064512
700929407611895809
886663152
3412127060
708541528231120896
2504196468
3341647103
4771981610
3437520734
4863092479
705342427465273344
4702399633
3086246056
707394343359750144
4788944474
4910482430
2155244263
239291889
4659770701
537941293
3012338389
3062356459
85636994
4586643975
701778518489825280
4676034024
444665901
3656119160
4897045267
4527218954
4825928534
2943334892
4552920438
4826380993
705206194881765376
4905598915
433849082
704889159647780865
2905715233
2791291764
363091187
204245545
205127385
1184862936
1685954005
706428204693598208
137877006
524113379
4179291640
3258096427
190202501
706714157266001920
315681649
254136197
3197465641
703640604522074113
25943999
302531848
2251628155
701647053915467779
169503821
33200676
702353243897073665
4788838130
4921552608
4913893346
4909033694
339653150
2882738772
4890841376
4851197473
4047181229
2926608612
583781252
22363056
12397052
694842143618179072
3956013256
17503808
4746730904
722279742
3059709601
2838506114
275979639
469287705
3304263260
4801912092
54149306
171495110
375740266
1134094808
4781336562
1682722952
94549993
109513086
823069052
3072204926
4783308922
4789209262
825056520
4273932149
2964313131
861648979
4707584954
216929858
2169773702
546152330
4518780619
799470511
4537330275
2922303589
4631650164
1227854664
3667264814
4592763974
2987909167
32489678
4488162497
4533594439
47250210
4483057514
60320581
3112608058
4467235158
154842405
3383240297
968243875
4394828479
2412306883
1434254148
3251022059
66555688
3833174058
55539280
3978613514
3669945256
18099511
268555307
40426478
4203039500
60803714
315564269
4278116593
2849233765
3244149313
4086245179
14190082
139139833
3837112632
2373430297
511374348
4169219660
322420083
36868526
4098342792
163326703
4071116354
4056744140
123181058
197697287
4000126518
3992217314
147068869
3665833519
18042213
930701756
2789341676
96729913
2623596948
2852771047
50869887
3910621034
70094144
1171946070
2720161256
52379140
1531084578
40938253
30190753
2583941143
3867808153
1015975134
1624555411
3479067679
3848128032
24536165
3814049953
3812474053
206928114
85977932
3787801213
45459031
3225052706
33407950
15903765
3721034839
3570464713
41563580
3645956414
72267097
60347472
1543661
3116829500
267777989
3539273713
3527170872
916372796
2949493065
2929319055
226059652
551797657
3465823812
3320876562
3422246185
3434276414
3433468634
21998733
3355278074
3010167405
129971158
3364108694
2934383532
53604348
3238236581
138377965
281321539
47916474
58070995
51132117
2996893518
100463585
3222545661
303804781
33923153
2820287921
435560947
116552724
3306643286
3302964319
87405425
82777103
2777874594
17429752
1356458328
2271154495
2950043235
529323729
544616956
423865126
122074574
132175154
169102897
611580187
1291407600
274945342
634206658
317055157
3353165213
3257737741
191293166
3021514010
15839913
3338746282
15566343
60296702
37165952
178650816
1534502000
2875245594
314430459
3244682372
49969977
2816614139
53629982
3236516401
3232355197
307941861
362722294
1595624089
37626277
970213200
2374332265
288595930
3123273733
3226549362
3192246338
22696186
1942303202
3219366150
29722220
192795235
2796211284
67276577
18859331
194288183
51480953
628272047
235060010
301386582
552332285
85774665
2811403700
745018992
526008578
2611503571
2772239545
24630584
3198868516
2822718769
3092076648
51369879
3089555844
2486387376
157255287
35659877
76657917
38388954
3165685016
32981601
27416285
53004679
215137594
3023494555
48247125
366517719
28322834
20414048
3146129374
115907262
55580355
2250491569
2784404895
36594029
234433190
30631839
2599988713
410675485
3097976498
392067229
3104717936
21992709
183843061
386955592
1428176520
1459231464
997521217
31050601
22045138
1113551078
2992692006
247284257
56415069
1269942198
2515568568
2836176144
128875474
83373132
89179269
110393639
3056054758
59855174
210308391
2175743149
2787506930
1855656036
141322732
77108486
89148651
601598333
2417193797
2172114588
2949695059
19790148
82098165
13730452
156699706
28300766
1585401344
252649279
21751615
212917491
3014149058
2236427180
3007541580
2827409246
413785489
20967787
146311173
296118747
574382920
2889421250
365019697
2869026230
194458670
161610983
4009661
2883231224
50205528
26034946
160463701
2963240658
1322384232
127819050
2971002368
1922253956
2534480300
278422224
347872749
2848654727
58376846
2869245728
781719499
928102790
800704464
2579627532
2886945998
19761275
17459282
2963537685
2408670620
1603415947
373713951
51958394
64188946
2173752037
2869872365
87977798
2483305807
2951835625
130684822
200025214
1953849457
2476169611
82661847
2945956152
2945745006
2910875306
18243152
418464598
2908541436
363255776
191029969
374521385
263661552
51339524
2896273160
1473929822
100630308
1584320208
2250500208
330187793
107714316
1242891289
41562995
2488076594
318278080
2421926052
110282404
2842343214
21447717
2920519813
1682223768
808221
116679620
109175349
15242170
205211470
2914376708
2936610216
2245026734
430835554
2917355332
108480330
2936157817
186741595
111932765
2932336164
518114416
24355144
342668644
190881037
18450693
364120198
25960976
2935862052
132835277
2379367472
7419822
54486593
21535114
382007230
574130653
2650220150
484370508
40282369
441733919
260012406
35675336
74151834
62194408
2935847384
86859696
50941941
18359937
339420476
196522959
2842385905
352871102
66229248
2911372934
286986207
2935268736
16958077
2881660279
2884480011
87128983
2665624478
2929484868
19702441
370687579
708709884
248041676
2414298337
2852677256
2836562502
2892041610
2931082663
2808405271
2318621730
2877944077
2915296514
2929817366
2853195811
2678771000
22994603
2549270155
20849751
1401918990
2878927327
563443018
41137544
2925497785
306322105
343840838
2556548769
2864188218
319428520
24107300
2860287540
29944950
2433405776
170240752
288041858
2611359302
2677288640
2914442294
2885733685
26982459
2926822290
583892747
442024073
141118401
2928399745
26682182
1415924744
2452604647
893324328
20131459
2482322197
2892529801
762923
2881775478
180031954
532189152
108597793
297423645
52053269
61375069
115624161
1287687726
328403705
2727293582
77468177
574253
1075756352
2911479451
44659911
2290519189
198375183
2435030202
555168108
1396226000
23299429
2934452353
15176005
601826486
2153210072
20113550
356013675
338270663
545827036
52990745
112647528
446237882
