2567282866
1190896387539390464
1226056981653229568
31340226
1321318816408760322
1427980672811995141
1407396573366177792
252299433
1374658665903394818
1432590944797290502
728415781
1548427033
1153209642060673024
64241253
4925202246
4618075512
1424224984650510338
1251698656241020928
1352657658675920901
77706369
204478485
1667598715
1289392946899378177
464714435
920983604741545984
851533824710377472
93632170
1070565004909400065
1428235625329696771
1423606318238035968
797898734742937600
2530533960
1408415506156060674
1408699178104934400
1219471448600788992
1424636501116133379
768888000
2253022348
1288269340853362690
2613405475
1411140542608527362
717521914432851974
1099223492631789568
1347754771860492289
805784690758008836
53718019
1423118272786956290
1034343966844452864
28813500
774603290638254084
768246793339543552
1423872889204264965
1423837367203418112
1413882669599916034
113850511
877384271626780675
1039699995178557441
1191434020493545472
1132526052499046400
1204831453281955840
1402175323496611846
2947215857
1421346258053173250
1197411074129244161
1344978025981493248
83341652
1388128476448772097
1406811595896885250
1416971524058189827
1104091803886718976
2932027868
2974920380
1283257122965184512
1411266148784553986
1190391828790550529
1413387294015250432
1307116604
916797727
18631179
1052339598305636352
1021209556872048640
52041821
204567505
341440483
1417513607848292353
259207075
1420977578
1410817127804588033
1300849555127316480
1295748199949275138
198806116
2441239688
1228250640
1397735705766338560
1859907805
1362399884188344325
1415531055919112193
1029598966529318912
872234021190643712
1278492234845843456
1331551167567028224
1414332753995124740
1396653693013954564
268569076
1034824786009120769
1084767647172972544
1413404669825609734
1233222180311195648
1219825648199274496
1257571942791430145
1039917451
1411229924925399041
1411172675771195392
1363079571269062659
1374533727620009984
1289144674947436544
1226479806889381888
342526816
1148434795824742401
1086562778649972736
1389283926833713155
475634499
1402886243529023490
1408277837287542785
148690218
1376831828351311875
3584565133
1405096540453031937
226880301
748047379165810689
917210478920712192
1406788020812926979
1359045468
1399418379522371584
96749483
1349135717096542209
47849682
1668745844
25655307
1405461714271817735
1357691406383517703
1357983592383537153
321335735
1401988343970222089
1403354905474060289
1401906357268213760
3300345625
1141020981361668096
1249770367650013184
158723402
1399373858738556929
852122154284064769
1399652862624415748
1401158823985913863
1390139090616692737
89336391
3316973040
1401024719529201672
1399922480102350848
1339875884245741568
346720162
1417561346
1364047254
1301885253406068737
1045753789
1113180707646472193
895546301529464832
1260171319888338945
1398063671134154760
1397182597780762626
826510693
2955776012
1389785232333627394
1396690744937631745
1362205519486795783
17611388
1393066749751218179
876764922411200513
1380059609168277505
1394953347480788992
1391937282593144833
1393091006267019264
1053870082802106368
15630324
1394830532857401345
1378898992642203649
316518777
1383678298383740931
426578491
297972598
2435170430
1303279660285870082
1392322544850534407
1265520360210018304
1048249379037933569
150571175
937682935595008001
2773478071
1104180711852990464
2170949799
1104601696578093056
1209317020656734208
1348870116201562112
1366953226147295236
85136793
1388294217349357573
270989451
1386534178708131840
1001325314352431105
366323045
1387032861363032070
1386617598675066882
10275872
1362466055872864258
959706323943276544
70208804
2470533288
1360654292634329089
1310691339294572545
1215312112823742465
1384779753782083587
1318279702230990849
1091279942652837888
1051069214419611648
1375733682133159937
2994286782
1382924092370653187
241215484
41369612
1102179472705376256
1082504279405912065
1489921375
1295820314388189184
1379103541009203204
1381272399870488577
1369141224620236801
1170821739577847815
1256341734864257025
1243546506889555968
87413235
1380579784653107202
49827443
212139734
1809753738
3118998620
245483826
1143218297372119040
1379476040595042305
1245255974425784321
1095671366949335040
2206191814
2557983505
1049126594474782720
1378202023200321540
277920965
1374606859865255938
1241713014660894720
1375514242099515394
780964292824662016
1366725920220848130
722803257198809089
15464694
1374297607288320001
1111304839726878720
992885218318143493
1369666503935672322
855391223690833920
2778366482
1049597889385820160
50785908
620106440
196150148
1249769621860880389
1444813652
1139486945673744384
422995829
1293827685420916736
1371939212597940225
1371895458281455621
802488300942413824
2946375662
4199435772
1055415184330813440
317138316
1370233783673262080
1249695347577765890
1358273223700353025
502439882
1165449418075594758
1369955982512582657
1242414528765104136
1156460096261541888
544618557
1364775989700481025
1359735705899913224
1089271568
1130675413410148352
1366326678893391876
1291297284
1653291212
1369103144689532932
825818574430285829
956371867866087424
138643793
218379543
1335483429031456769
581621076
57556376
1366609626846752768
956956773658832896
2939922295
1366054630191341568
152189484
1365838879106867202
173149432
1364042518036439044
354783706
2795767900
1317989501793304576
1352533420270702595
1269405540200955911
1641720540
1242116722578067456
962064781392863233
1238860697452179457
1318793274728108033
1342622804093460480
903757077566382080
1248123069928861696
130519743
2932190736
4114025112
1362057785979076611
1228232133467992065
1357612248890490881
23457580
1361672308780191748
1188263850128265217
824906149
927187758107545600
1260457966312001542
1360176398799835137
1125114209178505216
1245884091930759173
1119973032758431744
1208748446259326977
1355515090481500161
282604746
99925801
1954291464
130927065
1189196162953338892
72233869
3013757012
1358709914101633024
745378831
898537581679398913
876704140000464896
874541244092829696
772796949380685824
1346345549839024129
168538683
1219254196702191623
443398382
2405122772
2165749933
771862413398335488
984249928607121409
1346315898823426048
1308301898978476032
930111643165646848
1355927535293349891
1356432936149667842
1356069124804235265
1354664717596299265
1336189376892571648
964551269196156931
1255215963496161283
1069553391892865024
206087771
1244441899680882688
2781828159
1158393525849010176
74502521
1286192692003655680
1217449295718309888
1029626798257004544
993522769412411393
2325629857
1350585860253749248
1133260452388122625
857132538686525441
1350718072588365828
709061176823513089
581983015
3013358485
1349405284410609664
52453551
1033955573308567553
1072763353674608641
2597475410
2195807983
220425940
1305428036561457153
408919559
1213032856592666625
250523687
625635783
31153705
1012909413697556480
1295908484681097218
1147569036294668288
860864756583776261
1335112058463916032
330765889
1207946103330467840
935664752465981440
13194182
1223538435991969792
1027168694307151873
789619400101941248
1168905304316239876
2720304373
3306013860
60883663
1572649544
305343556
1339001253620109312
1217741094601068549
55742793
273549671
4308824053
37534392
1338148334083588098
402378265
2204703762
2578755126
400546805
1289242426167631873
3256860853
1941286153
48533754
130844467
1290649833372553217
1304274519276662785
1329159196571357184
1044407971684515841
1333680552885424129
10569112
2734115403
2877196506
320695087
1312582197497548800
207886022
2266108303
743125307834540032
4682129173
1274298956994932737
1127440092102946816
1088190927104081920
3194825692
1290661774212108291
745506602
1330007950736449536
2733489565
90361778
1216779423879483392
51390588
793975711920885760
890850393399468032
1286699305118715913
1321186039621300225
1322580037112111105
1305555656443797504
1166042679496626177
2967675320
1319539855089520640
256506509
2853421382
1326144279849422850
1325643954860089345
132116925
948140092962455552
2420293483
538048468
1977380196
1320624717921804289
1323860947614662658
318246134
1139335489507549195
59731115
313915479
1189471636803608576
1308567570979512320
47643995
588936174
1180274174377381888
16357083
262154244
1319993639989248000
1868119286
1304700884731953152
301178769
474991294
877601233225121792
1318245154625523713
1167493294567247872
817349665
3017671060
1316613476446547969
3130906425
1169259125823463424
1313271624330702849
58291700
953572143924633601
1314191413047824385
1311067300821254144
1313702472951590916
306632320
149404565
54143787
1083808926108401665
1312946979891113984
791344653371138049
1028127692376498176
482696440
2240601558
1220407352
75253599
137143168
1310546825707880449
1273021933983072262
2323868664
540182330
147563946
1145938248805449728
1284003854606974977
2395655636
915332197325795329
963234508370722816
877897317881266176
1291688786104066048
1305990422913843200
1546139108
1306149614924431361
1175620976702177280
954209013184385024
124578598
1305132760777011202
1300378026635476992
1278179650502451200
160106325
177069964
1303896740450324480
975598863569469441
394503067
1341092238
1015592866343575552
1285290981819129859
1302968035695755264
1299296259518332928
1301890443441917952
788437022
1223307253236817922
364671445
3388840721
783713289515794432
121684992
287917287
1299681497180299267
1299034015190540288
3016057777
1047857067153735682
911099252
293752787
181181379
211715946
236312577
1298121041684832256
275908435
1137772747419820032
1292022496045096960
150498040
1285791299677847558
90124498
1295883485907791873
1280942665702531072
235095201
801583236656877568
2882273893
1165251779342344193
112107592
1293990567144194049
351217419
1279440379784261632
452789340
29692402
1294477698752901120
78055670
334999029
1152893197749608448
1251167066352214018
1469297881
62101857
1152524658891206656
1237709641095602177
1272377423510663173
885693818095489024
267202179
775197954277728256
1208679969066323970
44336748
1287075330587467777
2789294245
1232514606263947264
1016221725732700160
1286474598721007617
95327142
260595422
2248552742
2865007695
29351564
1280965882303385602
1040857018855243776
1288690384424427520
917390595085156352
1278523882312314881
311235129
517538222
1042264093514559488
127835036
4385111475
1287559058426191876
135223470
2879182220
1239836068632911872
19726936
2272590294
1359395862
924514067414257665
1205647270110277632
1284424884580483072
817419992207687680
1283481914201051136
934832071092113409
16589324
1282164268138246144
1283591539751452679
1010187111067279361
225796213
166759857
1268789228567015431
356710295
861713545
1281271713544757255
1251841464016834561
176110240
1189038878306365445
417757220
1148230908597526528
2616907974
744472616795148288
1278758217770651649
1248825684723548161
2383774028
1192371828750053376
75574642
2923110319
1096648603412647937
282161299
953845488666664960
900235057226326016
1235278918568968192
16060002
1041909792
1050526739363848192
799117652669054976
863938419428175874
1230393854622228480
2286071965
1276726070562058240
1266383216438468608
199884233
584856093
458189676
1857200539
922874170312032256
3390429078
44556194
1274839247824908288
1187768181059805187
286851983
3343776953
103860615
1274739585449250816
1255826985793667072
1290465138
108296319
2433607244
1076199239963750400
502485262
1255506719016452098
1131911621322739714
1342196058
1175859724396285952
1271752395446312961
188058388
1094667561994661888
1256194456065323010
1271313053716373513
605408121
722082759124996097
1230476235941150722
251888871
2177532096
52288874
1268924254629826562
1270327409460432896
2524874424
1256618400245256193
1235514307053522945
99189400
318026040
2802031424
1269605267840200706
164338783
1162120056
73221055
426344036
1268555539580981248
487921962
1268167500115709953
266972899
796855161398304768
18870989
769615493376380929
68465619
2400405584
291529108
839520037119623169
98863084
429354178
1028355852695216128
1169134080899895296
1699353920
1172540742008336384
1266556402949976064
1255150235711496192
1265277179677626375
174003576
1175045255344902144
1207275441293156353
1201799590892060673
914992051992875014
1262369431709085699
717295170140516352
1245788155657289734
1265457836634456064
1078273040604110848
1252252251554557953
1246090878046711810
37601447
511748492
44176706
783615644
113718608
973022992119844864
409103293
1134002454092083200
1464206336
427463938
116823227
2801412563
1263159684191715328
382187573
1141438615958040576
1234286984354500611
1260502249207476224
855421583556567044
1099842009395875840
577611094
883903411950944257
484377707
82302525
716104088
195541723
1260851573137092610
794863311397523456
1245884081944104963
77283662
1072850262480642049
1194604790463860736
971376469007060992
305112215
1015821398365765632
1222519447165886465
1239858339569233921
965268542726709249
1261207309050499072
1656333060
251251957
1206116366790483968
2707489579
57785422
2859418946
1241383351107424258
115788212
149517916
2992107642
1169054411420835841
4218145653
1260426556767440896
1242672767071387648
73544325
1261163804563402752
1168902083459899393
378732868
126660720
2596597332
1288395715
2419985464
137450837
1226445896017043456
197146086
107651379
938843736871751680
73628438
200150333
271670899
197699705
876130606249197568
3635779999
2472039003
1083943295670255617
3495222087
111296321
3377812745
14389393
1209820945289859072
50084143
253556913
1256046715653648385
413902749
713025267413835776
503405911
142085241
2279434472
2310584635
1260046643082129408
1039920514440069120
1352989718
185129549
100842861
965944793347100674
1920375157
744294967
4099591462
1259865281242918913
1126437440
143493484
188442918
1259733268603252737
17974548
619641509
193310859
792424726115213312
19041530
354269172
868326667290378240
919059403
2498375440
1259433229548912640
833745750743998464
755197610198052864
1258510494618603525
2177484362
1033515958755704832
451187906
141281940
134405422
552138156
703676036651872260
201812119
821190006291177472
1121794220614803457
169918227
87852215
116545227
310717742
333601130
1421126598
49989596
380262142
108957400
53413085
245003117
798857316036538368
229313268
126840001
2471339671
1258984308217282562
372581187
1249493595100332032
200086275
3452677513
473055188
635450629
182999465
86670447
1922186796
1255241263059808259
351324976
843248880867328007
739070826268483584
2346045057
178217151
422960108
2540053121
48364560
48576682
309205287
604856086
734925791335714818
424483930
1190815339115941888
339084297
337217738
177273885
1257736312322437122
1561009717
493773011
125175578
1212146317
104917387
380390239
1000300231152553985
3193605332
966109876538826752
1230482671589036033
4874048373
551310651
996291792
634090875
98296589
91610566
601066674
64193848
592991337
921938187764805633
3278931541
2384418276
134144618
75141303
2926432828
244573621
60514703
1919267575
52549314
1242136770378117121
984197405368184832
297051637
56468325
75602539
2199029731
423654840
862520592855158785
1004653566
551301053
2510634745
1237457224940900368
289285445
103262527
1398562952
711522732
1258437554417872896
183923233
239914020
92815729
261566178
160059802
1212306283312795648
3319033707
1167109955549302784
1007104394301755394
2203900513
361382309
1187929099
194925778
913444779597484033
1030259103690567682
182366420
4923684429
143456028
116598224
2383272103
378690936
1144127869708357632
1258359785205850112
61441420
1168405936576303105
357705530
588655696
438714235
267900188
276735632
1341227252
1247384604228702209
121797015
1257868530462195713
340993625
1122674820804677632
174117342
874966449214947328
1093653030
63088645
127987377
87094812
2981896397
142479966
1346969437
34142759
395450487
1244828127232233472
484126276
1099278989187784704
3129392927
982973343342219264
1256354146443309056
2459631536
1246900009439842305
843598039084388352
72863450
151375589
123324949
155664856
146495761
2269877166
2728803191
1149690418562572289
1559259902
146196821
977173903
1327667630
32980030
1546117027
381334979
168536176
19036353
67980378
158569385
154133834
112078853
212026886
1214702349618429955
1015805741029036032
167470502
322904383
117164411
370191288
92408289
1074388237
129662352
117208824
129346117
127346172
1091088915761647616
334367807
118241773
900751252937736192
166546290
1503818874
824665286565658624
1237221759679492096
555707088
153875083
716353591
3241531724
1250422961686773762
140913183
1321868869
1086411277553942528
177559107
610280671
272146786
1243368969819631616
1241859766256898049
1148384866746208266
1368613957
938203628896243713
1212492873188265984
84753734
2763573449
195577026
1167455385944502272
529382195
4073421142
3654873312
853301240154992640
1959663206
725688536
2957882250
3003714077
3333640454
149928305
1330147974
1131246031
444658522
1221598278380347395
1225019818849554432
255140450
2207677524
37024175
273925286
766501388
78520083
14049862
1242689405619486721
764802583
2265946019
463499021
248871772
3127954662
2320994395
1272494046
792807218
1157806795
3042326885
1014061868
1142649874699173888
465641476
313354449
214765674
203859908
119568828
1660571136
1101877615269310464
883652285729001472
1202679042618646529
286342960
247388607
1176959669811765248
264271765
307573995
636607035
720968198619852800
320306602
70681608
86429766
534657206
972221155170951168
126044317
1046892462139224064
949122682460786688
913059776
1157405522091548678
1122226301719412738
188700976
522087709
101319678
57017508
259781657
1911112908
134130232
91965241
1011795346383654912
1663855519
778367796308828160
1207625756978941952
755494996246089728
1568073522
250795096
102752365
2938806855
1239612575744241664
1242611464508182529
76765949
86011125
95292843
91194420
66859864
359905505
116948080
362584812
85667133
1166876473359261696
189201932
948160895674437632
67506681
2435505607
715279106661814272
333805695
427063960
1174837646398562304
2719469645
1251924336698699777
2199752262
1187293538456875008
146122799
137612405
770636353507762176
963372829
23247501
82927298
25814474
1430626776
118912472
512716278
161820229
856118854988308481
961808587
1105776636824301569
440319169
145087844
741645855430705152
170821227
1061292420330127360
588331847
83532720
230133519
905511166927097856
183290752
129969886
144525961
891434508167385088
840594119516930048
114824968
98658345
779414115773194244
188611911
73609312
144660235
115446691
528805735
439332379
932647588763000833
345840738
928940941
325054477
49635234
2218570394
285726207
265002086
1609297069
88659260
244971027
235018684
150082213
560435500
397174963
715501976
2983551336
3519985694
346764381
237847157
63167615
78721230
270029134
832337029
75794213
424237575
1256337170647977985
109144806
237903851
145999456
244910623
1038822372122537985
126534344
416519458
611114915
1158976010
266411817
1210749237920579584
88002582
996913746659479552
1222240656636116994
1220634645911494656
2809309344
748371638362734592
4168311618
3011381355
1253368118170103808
796206558
12557072
1243949618779602944
138799932
1594566559
195807415
825198597016780800
786838225927176192
1257421501533491202
241061199
884388426975514624
835285800
329781195
278628006
1592418114
1257066737150943232
98396248
1971394290
221900273
423973106
82180465
1228129608312082432
310338880
1077219259296690176
595885764
1027104116772728834
198544678
987746453052444672
1098733035795689472
2696931805
1353452766
3103312485
113545105
502038159
281684690
1431518130
327113868
139893322
1865058523
1029822489436868608
102979889
896439797941710848
118487597
502406280
240815528
273023803
252830273
260335117
1212760857148444672
247353699
464740397
965717332470444032
2862024502
186910262
53608520
2599698433
131745943
268505408
3232509782
125817450
232694353
1728773827
67280932
373280254
1148594998369292289
436112281
1256098888907403265
439487390
26631323
1249622217845022721
200362995
826293824
783310982105931776
938740816918523905
4422310573
442229635
496487646
2919474758
481576369
9192272
1042315785123840000
143687480
26688666
405313922
2401019149
1140207244715466753
3555034934
1132742379952312320
1464248046
3238102680
701832008750784513
71958865
1255713013262237696
1113831354033147904
159323867
93720494
234978938
44039401
94201309
1243324318030991362
1255531019949785090
295682664
40021879
142734524
1215282859725881345
897535616153473025
15650879
123596135
1244981441965907973
2840686760
71144676
444078924
389603928
796915041232633856
4122387755
1242509503939084288
1547016108
246510957
15796388
543797013
878677286660304904
471520424
321149866
1563707964
337410964
221248644
2602427102
1227852793
2995858279
3065565950
995312221
1017682285
59765876
6212142
151235575
853369393
902138772116123651
85451468
4790225422
19789877
1143853627259478017
145316371
119620903
321763642
2587173618
31216625
964996111
27778526
144889114
2308544844
1918478694
40206731
532160933
1022285302562476032
152488765
1244722443878567943
1077573862286680070
703648708
1255932919
394130917
840370549067010048
64381311
192146397
133494842
69419510
287312162
215578323
86522415
4417722617
1184937428261523460
1247871166514999297
124133010
1168342357047226368
100037680
1217085425640185856
1120686678446940161
116619845
34916793
52245497
60457949
42880994
2471903934
68565801
230817598
1149048087874347008
2858572529
1171791769551409157
105141139
898255373286744064
746085187604353025
849463051464192000
3980171159
9320692
438788579
2681711218
52567147
2767853181
1247701589973852160
1107534720
307971504
400022569
1041342699230527489
1246150963200573441
14594017
636771668
3711802220
106513347
1111177837
1088053183
578973187
977981879352725512
1128097552279195649
91977658
948927327894953986
302749069
147577185
1020577354375020544
797360000813432832
349780544
1234067475509239810
1251173440138014722
91300501
2580900192
436812844
338861736
1033680240130842624
147316374
357498567
1252306517388406784
450541972
364348216
94775785
1164569553537511424
957161069570674689
1254774587159527424
545051522
229353696
2946301800
1244166840294629377
886872881363165184
758188830
277107007
1151418689780105217
104469603
1252765069127168000
1247110605913366540
827964363801767936
142372547
1110801144761081857
1227884642918948864
724445142
1252857179738005506
1232592453749891074
991665546579140608
1190488854874218496
146045678
882431665640951809
1242820923591442432
705806778815094784
876618797297410048
831185335287762948
600887157
76711137
113562976
1907180432
322483520
841183634
761128446
65364657
1248123547450347520
871051903181914112
3396433512
1654939662
764754572166438912
996646520920399872
4208408053
783212958
1137389591990874112
1196850606843088896
2652091620
1191857647034732545
613345193
3014464069
1253870778183024640
2714312239
1227321768060301313
96001695
818066129423831040
1192748883081859072
207926963
2356314445
1209448228040642564
100943006
1173309938426421249
1036115982115332098
813990261252653056
50647749
4428566892
390196266
260037657
2589171331
3389992047
1064909237934059520
1240158121064103938
887360590292729856
1076913094679515136
1170259370535530504
1243780560855728132
4135503519
635189966
1180778083210711041
2832905618
3822377961
932977350182080513
1390232898
2908306897
1250887537905803264
4249317646
739700052927651840
1183649743387484160
1078021608877576200
1119930751
1139625854135427073
787561388306796544
1666679935
4870385654
2918210884
358817248
14066192
814867822631325697
374777646
4444897823
914585408880697344
780272063273590784
2845883328
1098611585738772480
1252576538744291328
371321464
1230734116468838401
46828408
1250047648356118533
776850598046134272
351265295
181757406
1172989500
1251493370012135424
307198594
1158399399296245760
15691463
1001027737220349953
1073034604536156170
1219643392369602560
1184345122743312391
1072042469338955784
1250073585605062659
62507558
1249913637738647553
1246119729539899394
2827458601
1249365735995924480
1217788331116773376
1322115132
16419364
1228843877387210753
1243665719411294208
791667081628516352
369507891
2509998247
42226201
494081433
1246465894462533632
2930180948
1211791141210734593
1246231831307001858
17557405
1139446378206322694
1100693488805572608
1077585185808502784
705951931630354432
1236927139531948032
2885456072
940542704634564608
1008261712888225794
20956631
1191226969863540737
742210527762354176
1243858425924055041
875611354719166464
1119616124457406465
1243555220367564801
2187033524
48733818
1203265303955697664
249306888
322586345
1181055854826549254
123494347
1241698520664379393
398884825
42737785
1201859509813157888
3304038636
1229934768571047936
1168318766775754752
900625214320644097
2255340865
2251540274
2835514574
1227343974416805888
1230986529365012482
1060284777931161601
25772936
1234506345274990595
246802442
1176535991454064640
2895928114
1104632782586667008
1217283430641065990
1210245706612535296
743055684
13746792
1049707256344760321
1235864677130723328
1236656945576075264
1134357203660419073
376201728
304459592
1234489194363310082
407712222
1236388113099837440
18202346
753125810677116928
721721357982121984
295507571
976779148910723072
78850163
2492330804
1234848548841115648
547391947
1218611118211522560
356060737
845698260782084096
1158311607895642113
1132494874651942914
1233750300491579393
805373418547777536
272983983
2949175116
1232673419566567424
1193886979873574912
15287597
1189813827627470848
1193583764632326144
986508898738683904
1079959875629662208
1231882584260370432
1231799413665746944
788870490
3182595331
1364224302
24368257
1230474065883697152
352204833
793963076391288832
1229092495163715584
357353698
1227854173988773888
148411815
416992659
1226861557184786434
324708969
1148273067602276352
338445619
1225602874362589185
1195996035413237761
964164364428230656
886946185302253568
109843047
21290288
854501502
929823047976148994
1099824862527246337
1221626961140666370
1200728751610327040
1116711693487198208
990693691860901893
1031932367252807681
1642456322
300001974
27234421
211378213
268641996
1194159546123661312
1215520356951384065
3004510994
1644634916
835761820245835776
47872661
1197735838542524417
467725859
1173575858696491009
1216945444162424832
1144739637040054272
195698952
1216706722443812865
1213032139203039232
3097516231
2598433034
718310432570806272
2866124436
1844757026
1095110659040149506
1376413008
943646791
1024258368557305856
66486777
983303881043005440
1161545045486518273
1013476386688913411
182379773
579396062
1218720950
93383423
1212546056837197825
3748541296
1211483663772176384
444742696
37878698
3302148948
1210246420621668361
910853114
256073997
2221577671
987686397770280961
1198583427169050624
1131114814770745344
1208814159212662784
336139149
1208259721301393409
169468963
1183214652299173889
132532541
18476437
3037316818
1137966564978774016
1085430992955891713
3025037550
1206056598998642689
1124914124138278912
1109821261025140737
69804251
1036608742735794176
42894692
1387759976
1151687358473035777
266964804
864322676
1175930616484745216
1121160407354204160
310445789
1182357184203481089
74937567
97893652
1049340966799204354
1402018386
1201042636796133376
1060926577318359040
1532823570
16507031
3423826214
232885149
1169538533297516545
2789114462
1198983953836892160
1195612173558525953
1433317921
16111963
602737007
1195317394882744320
94548234
1197891139245731840
3059734039
915476395731542018
40152461
827690399988752384
1399417358
991288652050452480
1195615425490382848
1214172985
76094462
98826252
1189167313406152705
20275189
1107691839535091712
1193731217255890947
1193783334347800581
1180366760245022720
1129074326748258306
708599651751108608
1154504325160460299
1191362959424942081
1187373234716585984
816236907201851392
1186215388041883650
1099831659711492097
1186350767650824193
1129400527232614400
495861184
96075134
269634729
1186540462028406786
3385901860
942682485292486656
49660310
1171388258367885314
1044828710275371008
342602156
2829944230
738391771940552704
1174656455242182660
4461330378
88152466
1003535268601688069
18550381
44143311
15848765
19557253
1163702201434300416
215729349
1121770146538770432
2992068768
172746742
2563299673
261702447
852749139955785728
1117748674090504195
1180338893381488640
728382570249981952
709751197549379585
743257075
533934491
1109057130986758144
820420385380282368
520521561
1105617619594461186
1175721243107942400
1173171371410513920
1165125023692050435
1175499352636186625
1120757030518652928
271370637
2266278974
143803079
1161967872253542404
1175761849851109376
19340525
779423786701553664
1163729448337719297
348924660
726178883570044928
1524576812
1162971093663014912
114762763
2906475182
1173302554085580800
1173291859382157312
218346443
1015114929370628096
1172838978342420481
1172778175534981122
880444462572294144
1172445635334692865
1715999179
2788166092
1170944633074925569
513139778
1086809669899698177
902262699102310400
789118390636011520
11620
86232919
96921642
3366123738
747053254308151297
1133367669845946368
451039081
747917675301572608
4257923353
1158039141856100354
1125086592329076736
1920669265
624490506
1162260972318285829
450466066
556691118
2960317030
886866336198086656
196116308
1218159290
4081367420
1092135005248139264
83331016
345871270
1166601920938729472
775740643855347712
255413103
876462437578321924
1125310101416321024
3737995274
1162038651120959489
1164715030274662400
1164555624408969217
1118995155757879297
1161402633044676613
2570229184
832415605579919360
51791104
24144653
29620859
1086891727502204929
9851562
1160986815383212032
223695394
409685033
820089325853372417
1160500623587999744
1082223279761473537
516375700
1159549159000748032
1213527013
137736988
255133757
969993362001588225
2909945179
1158696488056193024
528965859
15414807
338582471
714156396
1051063225742049281
242785536
1157408153274732545
1091057074115624960
2440801265
1156949329246076928
77294002
1640542976
1142042369727983616
2439673549
4427735353
1156459190719668225
3254806742
490083226
1155690034797748224
1153327872150347777
838953985755209728
2729115756
1155104552288317441
937943711069061120
1154820666476175363
393437127
1140308653745922048
4120001894
3370470640
126849641
2849628275
278608795
89450951
1078058311809990656
3097245200
8647382
1151425425458913280
1126689852311785472
2428853671
288761369
826466341729153025
50543443
932692603082104833
1147825591934230534
17746927
4905793813
756836929749024768
891612619055955968
1148608605345779712
64417115
337685643
1002868395086237696
3324855627
1148609876383404033
1148705099012685824
1291151586
48429989
1110823565824188416
4600792460
3054255808
14624478
2962143454
525172790
1133202091155943424
1127741667065229313
184272735
633544204
32899088
2163372497
2499763994
1130842345950203904
1030750363358396416
1145841159249358848
1146043081927483395
757532941656297472
1145340721026572288
1145706801557491713
1145274380341129216
1250156076
988553822699229184
102720893
1645372478
1144451064122359810
1134507851215298560
4649448973
1019194147591282688
229705734
734056363098316801
1138347384776212480
1141772513011093504
775976019287158784
1142105371915497472
1140309194702303232
136564986
924496735
97666328
1002658555491741698
2933130132
1045223819936288768
2833754229
961249545723117569
1012329861463998466
1006643310
879544020149575680
12252322
1909611404
1121157497765683200
1138987184067792896
952031575
1138474065679781892
1138224898248069120
3141199916
1137234576315637761
1137907743812014080
1034723760690159616
1137415196090150912
3248517032
14942214
1133060071078842368
1113453714314895360
775669649576865792
90996118
1068422359873314816
3028190249
344726761
1066431678
1021733088680861696
2835416604
324393323
1133839844143194112
3242991169
110980952
350634294
105407776
3347690799
1131606132672290816
2951128261
832133216144273408
1054376232198955008
811775450
1129345449222189056
630451919
931627357
1063390508364361728
1127785217433858048
1130397037936070657
1130139847178407936
1031062744705859586
1129257661910794240
1124249806249947136
15764723
2551949749
729691144574128128
27807451
985903653880905729
26430187
1049939024712937472
1673098842
1679559578
113551675
1117659883602472960
1916697762
108549569
1125288437794234369
1125050262727450624
47599663
3301550604
3335435233
1079698272527147014
1081373943104040961
132598317
193662485
568709763
813588030
793181627568578560
1012656511288348672
2644910088
1121002924681785345
612043800
3099911905
2231590543
1120364725554909186
84500417
112418513
1118361132295774208
31014126
1040504069951877120
2379384800
1059006103789268992
3286398048
3253510950
1081379609940090881
545426420
1118340501223030784
973652767
909271851850858496
1052930741745504261
3064316494
260688717
1089526906175787008
1091187452751032321
1116620779729211397
1116483070050357249
63449338
1112907815528562689
26246313
3306101482
1012830351402532864
2944545487
835940588
2554592869
15630806
177169427
36314968
144826721
2791334472
281364468
1045321547148333056
1338199850
1108535812075872256
4418032032
1549239799
737330956080709632
103250251
31096866
1097179491267420160
106022673
1001429465640062976
1079201801826529282
29153471
242693759
271860099
1042795583809806336
49088261
1028925336535293952
931816192389476355
1107204049680502784
3253679226
1106523723203399681
4683426212
230729520
1104880961160802304
1105417998276407297
1017045726247841792
2889276602
1101091219961044992
109825960
827458281572618240
1061911046166728706
183460957
1102531374706188288
3602901672
25730437
1024392289169207296
1050924185634058240
1101466829967355909
1095861837994745856
978352262
44703827
43060980
959801674360528898
68934373
1099494225224228864
1084723415422926848
907799688
1395855482
28005256
309039917
194718060
1095141253895708672
1044858754645323776
278919227
1092720122270269440
775830322910941185
933015343391440896
1095994370023612416
279265156
441317632
794901133730803712
1077756673333256192
771464668502261767
28661343
894878159019036674
773663348604960769
434488226
516404520
132474247
3077026421
733293613
2953094210
1089882525420335105
913594180969959425
1089240351049535488
3357707958
3281162742
733414885439209472
748338025566871552
845154285348302848
196423213
2694081592
19570111
507565891
1084825376293933056
1058041375743188996
1088982593360486401
1082322130308554752
1084070150238687235
4872668577
2361707564
38213720
3183715356
980646179342962689
787276181879926788
4812977248
66728004
1082805737036775424
286422611
2799322412
854667638672433157
1068626831941746688
935358156552540160
389296253
930244589084033025
69591049
888107725724327942
811941117750976513
891584936460730369
1058661938798878720
185516975
28009715
4519132633
817472797593268229
1014997587491983361
928559808600596480
99227902
3336176894
908641033617133569
1082143742469890053
991342406036480000
338624078
397143167
1031476786670972928
992181651391135744
932259953502547968
1002980800927653889
1080807632783306752
1081144621093154816
787989700598378500
202476293
1080574685627195393
156885054
1890479629
1199344182
769331239706689536
1028207091364782080
2307675307
100258717
310227527
19202764
827354082
261957954
2529055148
716453885225803777
826937548651900928
1075941308626161664
851622726217342977
2257821094
1332134126
2574822005
1074333676920483840
1074308306200494081
1073059517099700225
720788937313157120
1063954352384106496
833033952306671616
1032263364875968512
62018468
215169417
2214865849
3263111455
1057682298294943744
301283997
1069305265542111238
727756050598899713
4780365362
79071785
163019237
1069573446076485633
389356273
1067630688701050880
1066446916974727169
41513118
2188328539
413294584
1008848535951958022
1069828541703966720
1127187782
3378788195
4473074174
90345811
1069728449026129920
1043458031567089664
1069373817741590530
773786554938564608
1303325546
996016424169553920
1068518667200196608
818493329906212864
989157398001565696
952146160084434944
1058418816349290496
2936764508
44546720
1061984800746037248
1067683973487161345
1067325245957099521
1063426416837050370
1560329520
1066823394065293312
1050571890484363264
974117080940204032
440049705
2228366075
1880734129
1059678560388964353
1065526432447762432
1065628133460631553
1012737438811377664
2519435648
1039001490596147200
581586534
826309420787257344
579866102
886166211184209920
1259430235
3239780857
3146297665
759311983879528448
905285127613415424
1060721862181740544
854503343464624131
1039510098949722113
757957611119443969
1113480019
90145188
1058728481465425920
112348384
2821454490
764982142849863680
35017609
822836380019621888
2918435054
978992492342255616
5456252
1034007379396837376
341529312
1051383610882711557
346464025
830780504
1055491244665851904
1053548109815402496
602658324
445522148
1052983546527272965
1053122965267607552
2276558425
2617325143
2883823282
297216421
853207518
301663664
897260078302085120
1012949413088509952
984277011165208576
1051063054618652673
751318919751708672
138750168
819181382165532673
321520397
228043148
19236012
3238768397
1533709759
1032587333772570624
1048768430248083456
711844276569681920
844453268247990272
903890020364279808
842732434282168320
81809551
1009830656677941248
1042438781192658944
1045373997213470720
2888305724
1040257476443209733
1476696181
1012099218
1035508256335163392
98033710
321426789
284976348
2885324694
1582709630
1036260074128166913
704000733109198848
170934761
894725083817574401
166649958
431789144
711023005
74394307
502053997
416799881
41513629
824501587129151488
147919050
885092416864342016
44556237
797810105601458176
842932841507782656
2967705697
808077137118797824
345407178
164940182
726138733
81884327
1031150903196348416
889387299477127168
861098000084475904
4523989882
424687471
93870426
481084601
80371973
19865480
763300537769000960
235090174
3218435095
1028164389155684353
1029180598760308736
1011995642472747010
1027168046979248128
149764365
1018147686451744771
917255388344467456
2238530611
1010606202064121856
53325715
298899602
1020978352692359169
3173997488
959261517517434880
1025930184375980032
857862817
458357482
15675384
861526026823671808
1021288110330560512
4688233800
1024659852960964608
1499812982
920619003814428673
1024568925944729601
423077631
2328479906
834749889292730368
1022463417364303873
1016334462341255168
968067246177300483
707112185076391936
998899929123885057
785501834517422080
1019579933931208704
1275394596
109259005
67497312
978981321052696577
977555002947350528
1858749571
742170024
4004389992
823911799372316672
745064416022958081
1018028806156644354
2314988198
1012805408581353472
824216206282518528
32910592
4154677572
17962236
2254703358
1005837148858150912
14161683
259271148
34736045
4686186374
42242309
129060936
1012952027373162496
748757733675978752
2220799224
2592897920
924319561498861568
966961638845771778
321238682
962864786
1009774016918323200
1001468042839117824
209420610
106791513
787592779836731396
11021882
2464816688
974059318738759680
373681644
977241567701303297
71596667
871791175870537728
715157148448088068
1004651408241463296
2404967788
974319943964442624
894353518370455552
368234867
976678313501474818
1595260525
26453306
76564366
1002995060076474368
60273469
993063409154322432
792795059217367040
802739897119322113
1608652920
722799479519191042
215220962
1001241417673408512
17532234
996762203834400769
362949156
923061354331648000
756686597530144768
860993895135686661
835019764279959552
53481749
999450922185994240
998808924387135488
3033255771
143848022
2937324036
569963330
817416638
997042073776766981
1449085165
993321103182385153
970713216639647744
731986794
36590147
393339919
73180625
720480415832797184
3985912393
240472737
1325924305
28312609
980311028
293595853
4450491978
231342242
901134236131840000
975071100521476096
4920081483
837053421928792064
484798947
335281548
986807821835489285
895960140347604993
953837139526955008
115040227
984380306214891521
107244208
3297765120
3434000680
25262728
720522359325769728
211763462
109200794
159548152
960121051492462594
2460842185
54803765
4178259080
953177592709791744
981117346168254464
943429442281660416
897754404815650816
926181871549079552
49598701
3688496669
77637978
982886313811525632
952875639522119680
984005104201281536
389943206
532806628
2851579560
30601033
271819837
78396183
970103407863242752
798655346373865472
974414299920719873
353578045
194283867
2962278479
187936671
976983439302844416
4623019033
1059719784
2469894200
160173733
706695398669168640
92699060
980040159868600321
150243808
957154733587755009
18552903
85530357
19019862
3247630845
210181888
76740032
3167205145
844703767580868615
965991201584418816
45791979
907813657492447232
41353720
976492652920152064
4402737268
894471113446637568
797513558313537537
857777454768832513
26261553
974720334808133632
962572623694635008
4528646003
2909774594
919171438069690371
2520833916
972936578770247680
3468417733
153797767
928655012443459584
1458070213
1956529758
1071215612
960907674278879232
971249942022053893
2937254872
364256643
730299178635517952
7843572
787054054899789828
2830435428
3814055054
3061019414
969647031563120640
3251779860
3423436274
220549020
1100763349
313052080
968874367923798016
410037049
798578922296254464
968660202726727680
25324668
2458545188
968011465037815808
255867784
274935745
2510760156
767736266947342336
4350090382
481890206
2814582968
447510866
965058274042105857
860621564215209985
803464542940327937
963488012184113152
861834073337155584
775576933539074048
2547416542
963226760438427649
3837144255
102370919
20814874
146047959
630606700
3501013574
959635192586543104
806486989755346944
94733427
4846525934
354083295
762502681197879296
1686020359
947901082532900865
2690477970
3458160318
300741519
955151640952262657
1278232814
2524446480
1168903477
17713673
2258808624
249639717
890252058057621504
307838484
127038820
364993991
91802261
782896015938428928
2531306078
938067303706402816
952001509734039552
2610613604
215557489
2374906352
322611066
2951997631
928514652174139392
270689692
873233301498155011
556492911
57811076
3168165334
950707804238761984
916669180191047680
391145804
950589594524725248
916200195720855552
841123530410348544
947777905001500672
245566084
26242234
896743519947112448
862576413337149440
65404169
191554531
3309001706
839675951235543040
909854203
838710292729192448
860081043432284160
18300101
4295988318
925333901672726528
937552528438321153
799667451965255680
890298498616307714
3122145252
829259250698485760
239270343
69896275
938920498104119296
939802234635743233
852137706889129985
920934016718647296
1134053054
2833285814
96258343
936222311988031488
934141396482777088
301306326
180506171
39475728
2496297876
44916025
932543976606875648
869778313459384320
926235803575111680
2571492157
28173010
24271168
931870753653264386
930961237323661312
923051274316087296
511726021
38345058
735426681968660481
195598246
779186565314584576
358311898
247332726
746774954
928817632538759168
2352643514
829940374378385409
739657886
5141381
880219595348619264
893270789822320640
915206223460364288
1170447422
2692219274
9952
114596156
303821839
2895721187
238868496
2794651500
907817977386377221
895375528726757376
584495738
2793739887
233185498
777794665227649024
156869964
4903362235
899118364597014529
879630861817139202
861735982185328640
112307249
874889192068841476
40401950
921966408182915072
46612653
921600649103470592
100440494
784780623403585536
59441441
736028182357282817
915746546204819456
28076235
2245863451
880581495278059520
17698564
889150233350873088
2321493173
199788091
917157252477235201
732701976
717213585051676673
851122263118168064
915391795214745600
586277027
193867989
3515635756
28074265
913522159691149312
914481560807772160
913404445324480512
733207616822730752
853785311800827904
913578772183449601
891658543409102848
407534073
83929344
4001037616
26680522
34939784
3876286452
2594467819
707043344745164800
910680045315874816
910413623226359808
861484729597669376
904118612285243392
39778614
157553060
20547416
909620481162043392
875931189781028864
870174977601024000
906877661527420930
747277056220659715
2552027028
899982352713105408
845354424390307842
903200096002523136
481038115
3867755599
55260661
821007649080803328
730579166
280758379
905285228528357380
971267522
534107522
895535005996244994
220081379
85977932
191340566
144335385
901437707087302657
303189842
21621749
755616951905292289
901983963383685121
49639366
1271409007
3293982812
846637637167435777
888770102
740754129983705089
900564043491983360
900226646736764929
899875258265554944
142026082
886773715244941314
898670096939339777
899203180973740035
17265161
382469797
784249899424489473
806114714908381184
897013367717543936
896976289633943552
809815742048858112
3261220321
896142458932875264
154185479
896028398404878336
893888178515464192
2302260943
2449489542
2519425807
403785996
163481158
3922445002
152187297
783705639423881217
890091790266753025
878051173009207297
111081946
36026659
883953600749121536
852754613727920130
213262386
830795923
84294208
1699533817
886161648548945921
3157718425
149540841
2265260760
97180456
2472755528
45991216
4179872560
317646292
15292041
899642779
829257226128850944
851815054357942274
887554648915099648
2441679356
3978230357
861611477022715904
786744161797943296
174726326
481987237
101570719
3527315546
884570759238098944
55482931
875551073569693697
2325664513
338374144
393072663
875623122455494657
19922296
2574792223
2577120674
166066533
799514852989476865
710354114304208896
879013804155310080
888514064
872706975976390656
307266795
878164036071731200
73352747
877703292448583680
2996328268
222031193
29758273
4887899325
840423799858245632
19178412
2432967091
1113559434
54025571
864398608505782273
870174272
46485515
1583026123
872116690506600448
1141043028
336945104
862374632615051265
595779180
869771668796743680
869546712238481409
866184437268180993
267669473
164211388
1009077864
362555040
768330003230629889
717524424
867199718891282432
2466178110
867367733981102082
4863684400
866923709751341056
1461382848
838407598382661633
2265583385
833774566040289281
813687291700854784
1132660010
273202432
212547556
101911732
918337909
839734446706184194
836827432418168833
743232897922961408
18614863
859388712878186496
44544248
139320458
861839193458094080
44334545
1479910668
860368401125879808
126495494
336123281
133103042
857058931566231552
2989288174
218677101
858295910387728386
710267915552030720
258264809
869579634
857878518654320640
48278835
717778308
853936394363850752
826453242762629120
331491690
213627742
818362313912659969
4886296592
86273763
95538337
836460539173728257
855944368015802370
856008770786217985
225687237
855096011118833665
716614430180642816
705593652555313152
801707573917323264
1003111
75147831
9536032
728586019537362944
18600915
851981028830961665
849815699069353984
836920477591486469
846997547277324294
835810783737049089
183915067
2921387128
318749616
849605083385831424
3279474553
146361808
836911609410879488
4762020896
563443018
120790767
851012071760080897
3236547580
846627557365592064
48992681
741326993917018112
193928459
3001686917
839509133116178434
356315387
1922362248
4914001592
825548001678483456
800726265569259520
3100336473
804455814425505792
741158437325840384
2913732096
4889500513
43445634
169445242
831998930376331267
750963961575735296
63931087
797490247818842112
152579444
844106474968104961
1175713052
701578820
748860607869386752
289986759
341286748
779400047616151552
837622320621576192
835373525108129792
20498449
823732841338937344
3322195201
826111008506781696
1663684250
823424178049032192
833602022016315392
601190584
716753334930001920
839084465020260352
73065447
21274277
65379505
795922935730974720
90099700
801584937568636928
727952286996107265
829546850889797633
957211536
730633231
527167805
836538831146868736
836351926312685570
836160808736309249
822440076651204608
2501406074
835350066705666048
827596799036751876
2278326788
1240791012
790473720355655680
827415011618353152
512025274
4207138280
78773339
803417022008725504
826601155383824384
829589778161020931
805849107784957953
106648196
822385674175193090
228345177
804305066001776640
2352786012
4244900956
990380316
29395856
242104880
621021744
95409225
747429475881652224
4771431312
211933452
703587696136957953
798208395509542912
223018548
132175154
500675961
795501578585141248
829277591827787776
389411405
185191611
2858511997
707387869
794983838262796288
826794577554071553
33923443
403843774
781052884657897472
26181189
508340744
998796944
821591894840999936
750866940818849793
824928503237799936
824615452085252096
812499748108304387
795834981398376450
2824845387
826338831859191808
766610052455079936
1362151902
197299643
200775047
328431211
4595266658
822662485526384641
3412799835
824475690221268992
823478860889071617
808643053040726016
756999169860972546
3039903872
4401403726
15804645
3221257158
506407977
2877891726
2896303566
815029117741477888
761543938465497092
821591107863711745
1067519580
757822845414105088
810141220026494976
91096787
333627691
811416802643165185
1665399451
4792175653
820276135283990528
199734615
160602366
2556727844
819550453893472258
806453235271790592
885680946
814210115326840832
281561869
720980329142419456
749994929414213632
169325935
193784479
940832167
85312445
1518830227
560395363
1051502856
814086621683281920
810708685228019712
1550394608
442933418
811404742333038592
2237589937
4074888315
717969035732905984
192938141
810749655445159936
799949081762115584
809664018164002817
223839947
715578906
769127877300326400
808522721994870784
774176609569943552
780327795352186880
21690599
400120765
17503009
808224696982347776
157893969
101398153
806035272794181634
33165894
244170964
805800786781310976
779970290193428480
805717536784334850
789025237547425792
805050330463563776
850033807
47038180
3031836255
3656915414
932434016
702326954448461824
726447881012416512
777093685607403520
803101742241955840
3190486292
802343887318564864
795135726887108608
861555410
14919316
14978383
86330076
54228482
798753524016263170
726469983543373824
4798629013
736553137
2457154388
784548544329965568
1622230861
1518748238
3314816088
519058739
784119986935717888
795188577692839936
19811944
796053193897766912
95877393
26548315
2884442781
2885235997
795615103517237249
47098572
720953173557379073
297868298
221057244
3312956960
3359916680
361331509
3187273512
790213676053565440
724733688311738369
2350602025
41248779
2721631646
167726531
722791435938861056
782800902704869376
791028241444122624
790182277678522368
771934931429785601
790522961845362688
22771059
3188449206
1090873705
758714711395491840
224268135
19309479
4893094569
778872113067360256
776500389474476032
738224155422642176
1045781539
782922473364914176
4850044338
738385403565199360
47305063
82364810
24085708
77414770
3281698538
8432912
295605156
2561433454
84203667
3322151347
758472054660358145
762526606988488704
267652344
917439055
38403957
733306038175305733
219194176
768713023443787776
775365758536691714
76577609
866719195
18302232
778278999201947648
778166360312512513
2220688086
897624523
741383441502109696
3237488690
99303868
141356080
757129415008542720
3230012736
16373878
19905698
24016926
731812367244255232
2697858800
1555765754
770824046896295936
3159496243
524348740
48667259
762154169641803776
771688815454892032
741271781365960704
738272260138504192
3809696172
2992137308
4833117214
20180244
864534181
237048420
92278523
739462119591026690
3763427833
625926858
28249124
1688333622
974238637
61844126
766869131157123072
603588908
531866350
3367753655
761796115327029248
235610472
722091393875718144
762334332149116928
723569652635295745
761556318666698754
164293413
372821056
2821688731
485779242
323538275
573280412
1657412160
18011731
3161816356
3304172127
77165249
1038758546
288803808
19752919
2246021648
409098985
201193758
340624060
3016318883
2181411536
755998612459442176
1942420638
409623795
757436904316952577
379351587
798961712
326711345
38198276
755324194791886849
754926714665312256
43811241
33167432
2803564788
2856766579
50909701
84027559
4447681994
1252641362
70433540
1654492494
72797643
388237790
123367080
553982579
2889711408
3412152508
3825029481
2509836175
280450245
2456831126
4852994592
3313516558
937832288
92743205
748871127766675456
1879473312
729582246592585728
37164268
1174173042
105944434
4847625363
565327949
56720523
747460727766560770
141281448
159383772
187125835
11877522
74996620
2173571682
14451639
2958118526
1165640942
744555465103781888
210183168
112586779
718441184457322496
929092556
249481732
2656240604
742638461518254080
742637184004423681
2741943914
2804893046
223493911
58238545
3222162799
613992609
4158476358
740910907753107458
740908083828822017
1073052708
4422031874
395683168
734656640117395456
739381421832183808
5701272
714846117855420417
41326183
44354970
2493832147
322436212
269930336
258813587
735545307686043649
3151606370
733248714660175872
190940448
538014277
106922010
93338567
50226396
2556499237
68971046
93226748
1563306006
3714559160
3285140275
2436463418
711707881884635136
713831942043672584
2931112910
3258096427
728196428317626370
707511066192793600
2912505097
249703395
238093922
725110802060070913
90985787
106037660
726078105316532224
2829585373
792216
725216447488643073
4337545932
250646869
4695597410
2555723203
161899353
1608744811
719788423096242177
283331765
417851416
624112794
74960046
706670860799602688
719786644434497536
78507512
95945367
718736924890910720
717516919234895872
710766842667663360
716862732675510272
712289274196926464
376254663
712307101540810756
602605195
2814745753
2282414522
714731156571361280
4346144606
47973315
712687331908517888
105111096
3000055247
3195753948
409055625
708338125299273728
37632769
2373562790
4859653505
354643975
583672553
3184729795
4547115626
2768476951
2645255070
706743426260340736
1127293040
17036269
2587094814
4842362352
311415717
1007431346
4257569412
418354555
416315061
78339685
426679341
51980037
1339011056
16146532
269793953
1591066478
281667418
20110935
37678188
700830563066773504
3230876274
437301441
463709457
2413783993
4894817991
68131079
2964701
4921753819
21802447
696960512865611776
211900261
2419509409
4745765414
4891315629
695358952691757058
4862381022
324049844
4783016917
4684421484
59028971
88953101
2169898360
4829155625
2534366652
4747808096
4843567431
4807894819
1922142930
4167128173
476635766
463216548
4698155670
4421625672
489800876
30306221
3181186939
4766734460
460246893
4258979356
443667137
48162377
226932373
863530998
2926693933
2656810298
4591419854
2352577225
43127411
2750748109
147831135
889506876
4611733527
116426221
4647592388
4278105973
387028547
1150451658
146479617
76931421
118672577
164947689
553224422
38583938
282245245
434550996
34849948
362192008
2687444642
1021220510
3892890983
3266169570
47439226
3395062880
32859990
1589753274
131123267
143675029
210246510
14799224
2400711389
113540723
4335804497
384220674
38617540
17384000
2662250892
4356623598
3019944909
4332158599
4130391379
239526102
132751003
3544522274
1509996577
2395416870
1398745590
2164029780
3805693872
2227307582
3868887552
3668414354
211940810
2880135290
438076083
50555044
4154472974
4141467793
134129009
406198249
3938000419
159413987
48787628
247376410
3660216674
3220267980
4095088934
83500405
128521786
308335045
2530917520
2595926492
2307112688
3536439373
2467457473
124348837
4038212423
188337762
948788731
231680770
354722022
119826872
3947970733
82923172
3273697459
1425956444
3612554840
1471505707
215424787
75260468
3220114681
46619899
805430167
3846345732
1398338671
17630336
2485183308
3734535379
3253114784
111520882
3285564919
2982646582
3316675722
1082453124
2650154899
387713597
2217253368
941514949
2566032186
3319733370
3327841105
2247181033
25227075
161904644
411421787
128511153
1936761108
3349026192
2997339397
281321539
3322176523
731921118
69827799
3253672556
1389002779
3105144163
316382193
3320876562
521281744
3272996018
3300467226
202359102
207404407
3311316181
2503259915
2542888975
1476628927
3300455264
2973616107
3300589273
3300333571
82777103
317579206
3235403161
2432551916
134384371
3220232786
1885221055
2900641174
3285002474
3272797268
175984721
539865648
226106884
3281192472
163054603
3265630309
453927565
3149065243
114687193
907377858
458272421
137188697
66265580
175301859
35711820
147702210
283533519
39219356
3249659623
240902826
158066081
2257471891
2427057336
1147030723
2711759316
1338938636
113016776
346649053
3246494346
2287781070
3243280610
714306091
3246177123
296697971
2257509452
2711987478
3232236146
271614170
35696218
3028401428
395392225
555819209
2234184551
52698829
2739851066
219543144
6611892
395940569
164952410
46604114
414067024
306711698
409065422
3185722824
438909636
608086676
3159476599
309589201
1398911390
3198689584
29673954
2469031429
1384746050
446237492
3188521993
243246015
2597366084
3021158352
965614056
44936559
2279562122
20996316
66961380
3223723797
2548235971
3054352063
1331801473
3181221709
2904209018
2919367651
2965745059
60037279
136803550
3167582250
2339722842
3170820420
106091076
90432846
75652816
3193661543
3161321988
758793884
16080393
2382282050
247861945
1914660302
2947711783
227057577
408931751
599826348
2459029153
1018207195
609573
3146866485
286727365
3144704315
1136626686
241714165
1931594905
14962437
1664410316
3129648793
192854916
2802999409
245375557
2799160303
3099266385
282908546
3114154274
3124365893
451975981
3108945487
229830582
2999205818
1943397775
1525176716
2866883822
22588327
16551763
337212539
70291312
273278007
94069479
55743177
3101808727
3077199840
498721028
740232672
2973483407
2510510888
2756086710
122659889
3075719987
3086287471
1683005556
3077402821
92107338
19769253
1516586460
174983237
3017044028
1662731550
2603867556
2989068375
46831076
1448911484
1062448639
365371122
427564900
451844340
2883473178
3052816302
3000857343
3013975423
3038865235
793564148
2587719469
2458900322
2979972820
198468063
3026628115
2350875979
3023702576
116512373
151980976
3019960214
2849536826
25508716
3013286562
2923577221
3011986772
970096184
338045074
33878197
3011150496
850649300
1419673134
20400246
2989736768
3002646409
579765750
964310568
726263551
40544415
2939131952
2996952169
2997318134
2699612760
2957740062
933849194
2991123706
28100721
2989117804
113663556
575355652
290560515
98601958
387283465
267918952
157923923
2982323541
275407652
2559178698
1727052416
2917035063
2939710172
1130426875
2650878583
2976393648
189032636
267331168
2848681687
455607710
754961767
2210476268
2302332660
48245965
7990122
23802878
2442041804
47511120
42815521
2903292938
2946284210
2940419641
284085405
121460210
2943025483
2341351668
2926679789
2922871553
2924425599
2927627376
1535404574
319652748
2912114621
38827816
134397905
194657170
280602552
411337709
553979747
63772745
39745969
101414586
303997113
2788463345
2282807389
2902772102
2885739340
28940050
22438505
373883201
12367122
266488116
320691712
1683174846
2854436986
575215014
1636025880
124198383
1381269985
501646401
2901699325
2899339812
28769114
281853377
414566770
2795953910
15166968
269678686
1699908884
2890056378
517186932
2896176432
1280367864
526148741
15218749
278021886
209068294
164571155
2853206888
2662937059
2890650134
2851441244
130780546
2512008847
2865996090
2241912200
411315750
2887415851
356013675
11274
334502407
2855698848
16947048
1929293358
2856619922
18403281
971166997
206411127
1019074580
151402793
2845918920
197123718
19540483
2362472046
2545604761
1612625718
2795516376
1923451428
2835735990
13035682
38660271
244540025
537137966
148680096
16447151
2775826922
443717050
1585801758
2801125590
2486125466
56703773
50269596
2812427503
771187363
178992540
2180136570
2632814671
470959037
2763773014
2489471222
2772175052
288788913
2725772833
2783457938
368347846
1341718879
2726015426
218729012
2727293582
2683915878
2562840182
2335508774
2757797540
44349470
211847751
2739169320
45774089
18097123
292741164
14540939
181489408
2197511532
2715735769
2662009549
327122348
2646807170
2591483376
898963747
330994926
157628957
2412437755
2354192893
2585387574
1677834720
2443298330
1943511438
2647767668
344052289
912730670
946726058
1121399659
34079692
2309701
2613340364
38976591
2596193040
242635346
799239097
47534891
1907882593
279953546
10932642
2599144820
1672429962
2377678063
2596142383
35936170
2590779170
2294561106
25213054
2576431165
80605317
1052598913
2560905992
1391455405
2541687588
2543317699
2561116099
129423512
89798389
1287687726
17311068
1553411246
168974389
47056820
65627727
2536715617
2531861185
761789870
58852489
1342076940
2496032502
76544420
2511625232
39204925
89140600
918887892
294221767
299175610
483612613
338383504
23795399
1103303844
548587657
1135814058
881597070
79384518
29186208
2452325185
633867369
145897296
62795240
26493482
54906781
357060893
1345733166
1952013775
2468337888
469412894
2465941447
445799554
1146248053
214453748
2427402392
2177630671
1633171496
38189285
230113397
2423050572
2456185465
2243367565
1673358145
548258950
43279243
189169610
2423425866
15295957
2469697089
2433516271
2427286663
2421571429
94102027
118265255
2286870259
390786439
20898557
743124086
2411304522
50205528
22578053
71136691
147548332
31095444
1619325942
106011903
2393859194
2389555766
58812687
2370526856
2381624040
65906122
117135936
385160250
93003529
1644638066
400477821
981518868
2377038866
74726684
394093942
212881510
2371630375
52736437
2356411866
2369787360
538837970
2363555846
24667964
214369122
2356887132
95643008
1330908224
1192926324
40219746
1110975828
574401956
39779400
2339741382
283968509
1287753644
2329491744
743558540
23088232
884770291
204188733
96661954
2269870117
41307795
212207998
1550716878
418328601
525493478
2291290249
2290732418
18099511
124637760
2236999560
15521613
1677682039
246227517
321465883
30304509
599244649
46317064
387123455
2175154285
2248508971
1624879537
578821196
262180060
292973037
48639628
2162944694
107360993
535223498
96104097
1629309685
28950929
2149067229
705247465
1414434415
1322562732
2173448042
1264149944
2169006377
2148331088
19019802
40696119
2154452071
2164394540
1346503532
62640737
66308876
29040439
1877803189
454772455
1900154712
728427794
409859332
1111693315
79397128
81509708
169876619
370162829
556657519
25800929
393903376
210432213
1622372106
86983103
808435850
365328109
1590439142
291049650
1693480776
628293155
1606379929
264266173
248562216
884741516
35477123
59250507
168544845
186009192
723242239
1630449176
396291949
1634750437
18506519
1632778340
207378451
1627462723
224204837
298087220
77172483
283236522
26784755
447866879
34973447
102427255
611719958
1181472344
79386611
303613312
155671591
1603973232
1143945836
1113708882
177095046
45287852
23921328
81389480
347809538
49297707
21386778
341970853
204138125
443948404
206589763
623702803
491810459
45526247
258373397
72259350
417930148
38996222
104131137
212593544
90323808
238960077
258141392
220382025
1597989518
1381200072
1597851864
1035681121
1597865642
372168720
721555405
64050057
62197721
169548866
7738282
626117808
136269992
1077566570
402498667
1595509471
16025511
1319744431
94522154
747213
204328785
606989652
363189160
46317284
403391466
1455696014
606350049
39018412
597005843
67422903
19902799
73846460
1586006521
1585019118
752730775
1555175388
165540459
246330666
1523902136
56457400
45096603
782576851
1462745352
62836462
1437931032
1395912408
1389906614
1380987439
260939982
1363687244
146839171
610821969
99655938
16450324
331560547
47353720
1262402173
454645641
1147395188
1240936874
1182852614
1181184078
1178032772
1117068079
1110912265
1098514226
223469742
471310104
67601261
219883724
888113720
81400554
50500977
277078157
786881256
174099397
94963317
757503319
30678940
634468798
15557335
600513386
242669691
711483319
628421557
8620
584795008
578884784
571121342
485860171
452662004
544973035
86128433
294678118
511441505
72815186
297275494
67255357
421505254
260102887
269674698
409753419
228925700
171049087
359337800
369427708
90862990
315271196
78492097
69269806
243968939
147927311
269064782
216577649
